FTT v3.0.0.©2012  Global output for chr_NCBI36.txt:  3325 Patterns
Work Patterns mode: All possible
Pattern> Length: 5, Mismatches: 2, Shuffles: 10
Window> Start Length: 100, Stop Length: 600, Increment: 50, Shift: 60

Processor: Intel(R) Core(TM) i5-3210M CPU @ 2.50GHz  2,50 GHz
Total runtime: 00:05:58

Start	Len	F	CV	Pattern
————————————————————————————————
149100	200	217	0	TTTTT
188160	400	202	0	CCCCT
188280	250	176.33	0	CTTCT
36540	250	173	0	CCCCC
187740	350	172	0.44	GCGGG
36600	300	165.8	0	CCCCC
187860	300	157	0	CCCCT
187920	400	156.33	0.21	TCGCT
36480	300	154.27	0	CCCCC
187800	250	143	0	TTTGC
188100	250	143	0	GTCGT
187980	600	136.58	0	CTCGG
36300	550	135.53	0	CCCCC
188040	600	127.07	0	CTTTT
116880	150	123	0	CCCCC
187680	600	120.89	0	GCTCT
187560	550	117.17	0	CCTCC
187620	450	108.81	0	CCGTG
35820	150	106.33	0	GGGGG
187500	550	104.22	0	CTCTT
35880	100	103	0	GGGGC
116820	300	102.61	0	CCCCC
36660	300	99.88	0.73	CCCCC
36240	600	96.33	0	CCCCC
36120	600	93.5	0	CCCCC
135900	100	91.67	0	TTTTT
36360	350	89.93	0	CCCCC
197220	400	88.57	0	GGGGG
187440	600	86.97	0	CCCTC
116520	600	85.08	0	CCCCC
95040	400	82.07	0	TTTTT
95100	300	81.49	0	TTTTT
36180	550	80.17	0	CCCCC
35940	500	79.99	0	CCCCC
36420	400	76.94	0	CCCCC
188220	250	76.06	0	CTGTC
94920	450	75.75	0	TTTTT
35580	450	73.25	0	GGGGC
188400	150	73	0	CCCCC
94980	350	72.79	0	TTTTT
197160	500	72.48	0	GGGGG
197100	600	71.59	0	GGGGG
136980	600	71.28	0	TTTTT
35400	600	70.93	0	CCGGC
35760	350	69.02	0	GCGCC
94740	600	67.07	0	TTTTT
94800	600	66.78	0	TTTTT
36000	500	66.68	0	GCGCG
116700	450	65.03	0	CCGGC
12540	450	63.68	0	TTTTT
116160	250	63.27	0	CCCCC
93180	600	62.87	0	TTTTT
36060	350	61.86	0	GCCCC
840	450	61.84	0	CCCCC
116400	600	61.32	0.89	CCCCC
136860	500	60.91	0	TTTTT
196920	500	60.45	0	GGGGG
149220	200	60.42	0	TTTTT
94620	550	58.06	0	TTTTT
47100	400	57.67	0	GCCCC
95160	500	55.92	0	TTTTT
93660	450	55.72	0	TTTTT
94860	600	55.44	0	TTTTT
97680	300	55.17	0	TTTTT
148980	450	54.91	0.74	TTTTT
116460	600	54.58	0	CCCCG
35700	300	54.2	0.52	GGGGG
96660	500	54.08	0	TTTTT
80820	450	53.45	0	GCGGG
136560	600	53.16	0	TTTTT
93420	600	52.61	0	TTTTT
116280	600	52.52	0.78	CCCCC
116340	600	52.03	1.01	CCCCC
197040	400	52.02	0	GGGGG
36720	250	51.95	0.57	CCCCC
149160	250	51.88	0	CTCTC
97860	350	51.7	0	TTTTT
136680	500	51.68	0	TTTTT
80940	150	51.06	0	GGGGG
96420	550	50.13	0	TTTTT
35520	500	49.85	0	CGCGG
197340	450	49.85	0	GGGGG
116760	300	49.56	0	GCCCC
116580	500	49.33	0	CCGGC
97800	300	49.32	0	TTTTT
118980	450	49.2	0	TTTTT
135240	450	49.03	0	TTTTT
80880	200	48.86	0	GGGGG
144960	500	48.64	0.55	TTTTT
180	400	47.66	0	CCCCC
148860	450	47.64	0.12	TTTTT
196980	450	47.55	0	GGGGG
196860	450	47.29	0	GGGGG
46740	600	46.95	0.56	GGGGG
97080	450	46.67	1.13	TTTTT
116640	450	46.51	0	GGCCG
197280	550	46.49	0	GGGGG
97620	500	46.11	0	TTTTT
135120	550	46.02	0	TTTTT
148800	550	45.51	0.2	TTTTT
93900	450	45.22	0.56	TTTTT
137100	400	45.21	0	TTTTT
12900	400	45.17	0	TTTTT
95220	100	44.5	0	TTTTT
119280	500	44.41	0	TTTTT
240	600	44.34	1.36	CCCCC
97560	350	44.08	0	TTTTT
197460	250	43.98	0	GGGGG
118800	400	43.85	0	TTTTT
181320	400	43.47	0.72	GGGGG
137220	350	43.45	0	TTTTT
93000	550	43.37	0	TTTTT
137040	550	43.31	0	TTTTT
119460	100	43.05	0	TTTTT
93360	550	42.8	0	TTTTT
181440	300	42.72	0.5	GCCCC
660	600	42.53	0.48	CCCCC
93540	500	42.48	0	TTTTT
188340	300	42.26	0	TTCTT
12720	400	42.19	0	TTTTT
119340	600	42.19	0.42	TTTTT
93300	600	42.11	0	TTTTT
97920	550	41.79	1.25	TTTTT
174060	150	41.69	0	TTTTT
140100	100	41.53	0	TTTTT
181260	550	41.14	0	GCGCG
96300	500	41.11	0	TTTTT
94680	600	41.01	0	TTTTT
116940	200	40.88	0	CCCCG
720	600	40.86	0.6	CCCCC
80760	500	40.73	0	GGCGG
136740	600	40.66	0	TTTTT
12840	500	40.66	0	TTTTT
134580	300	40.53	0	TTTTT
135840	600	40.47	0.95	TTTTT
94440	600	40.18	0.1	TTTTT
136920	600	40.04	0	TTTTT
119100	500	39.85	0.62	TTTTT
136620	600	39.74	0	TTTTT
96540	550	39.68	0	TTTTT
97740	350	39.67	0	TTTTT
135180	450	39.66	0	TTTTT
93840	200	39.5	0	TTTTT
93480	500	39.33	0	TTTTT
360	200	39.32	0	CCCCC
900	300	39.29	0	CCCCC
96480	600	39.22	0	TTTTT
96600	450	39.21	0	TTTTT
420	100	39.05	0	CCCCC
137280	550	38.86	0	TTTTT
197520	150	38.85	0	GGGGG
1260	600	38.71	0.87	GGGGG
81000	100	38.63	0	GGGGG
93720	400	38.35	0	TTTTT
136380	550	38.24	0.96	TTTTT
0	550	38.23	0	CCCCC
35460	600	38.23	0	GGCGC
93600	400	38.18	0	TTTTT
97320	600	37.76	1.17	TTTTT
47280	600	37.73	0.8	GCCCC
1080	250	37.46	0	CCCCC
780	450	37.04	0	CCCCC
300	550	36.95	1.32	CCCCC
95340	250	36.94	0	TTTTT
35340	450	36.82	0.98	CCCCC
182340	150	36.64	0	TTTTT
144600	550	36.55	0.78	TTTTT
119220	400	36.46	0	TTTTT
95460	600	36.45	0	TTTTT
117000	100	36.39	0	CCCGG
93060	600	36.09	0	TTTTT
12660	600	36.09	0	TTTTT
11940	500	36.05	0.2	TTTTT
120900	100	36.01	0	TTTTT
144780	450	35.63	0.58	TTTTT
197400	400	35.53	0	GGGGG
97380	600	35.52	0.85	TTTTT
136800	350	35.5	0	TTTTT
35640	600	35.41	0.62	CCCCC
96720	400	35.4	0	TTTTT
46800	600	35.34	0.47	GGGGG
93240	600	35.33	0	TTTTT
1560	350	35.33	0	GCGGC
97500	500	35.22	0	TTTTT
1380	500	35.15	0	GCGGC
135480	250	35.05	0	TTTTT
12000	450	35	0.14	TTTTT
96360	400	34.91	0	TTTTT
94260	600	34.78	0.69	TTTTT
81120	250	34.68	0	CCCCC
94560	600	34.62	0.67	TTTTT
96900	400	34.44	0	TTTTT
60	400	34.37	0	CCCCC
118920	350	34.26	0	TTTTT
137160	600	34.17	0	TTTTT
193380	400	34.16	0.78	CTTTT
95400	500	34.14	0	TTTTT
181620	100	34	0	CCCCC
62760	300	34	0	TTTTT
11820	500	33.82	0.45	TTCTT
13020	450	33.79	0.95	TTTTT
37140	100	33.67	0	GGGGG
118740	550	33.47	0	TTTTT
119160	400	33.31	0	TTTTT
135060	550	33.06	0	TTTTT
148920	600	32.98	1.24	TTTTT
80700	550	32.94	0	GGCGG
144480	600	32.78	0.82	TTTTT
46680	550	32.66	0.56	GGGGG
116220	450	32.58	0.56	CCCCC
12780	550	32.45	0	TTTTT
116100	200	32.45	0	CCCCC
118860	350	32.37	0	TTTTT
960	400	32.29	0	CCCCC
144840	400	32.07	0.62	TTTTT
95280	550	32.02	0	TTTTT
135360	200	31.93	0	TTTTT
92640	550	31.9	0.63	TTTTT
187380	500	31.85	0	CTCCC
95760	350	31.84	0	TTTTT
98220	350	31.82	1.02	GGGGG
93120	400	31.79	0	TTTTT
92580	500	31.59	0.29	TTTTT
97020	400	31.55	0.75	TTTTT
53700	350	31.51	0.39	TTTTT
137340	500	31.43	0	TTTTT
137460	300	31.34	0	TTTTT
13140	150	31.21	0	TTTTT
135420	200	31.17	0	TTTTT
196800	450	31.12	0	GGGGG
15240	600	31.11	0.34	TTTTT
92700	600	31.09	0.76	TTTTT
97440	550	31.03	0.83	TTTTT
81180	100	31	0	CCGCC
151380	450	30.97	0.94	GGGGG
26580	100	30.91	0	TTTCT
12240	200	30.75	0	TTTTT
47160	500	30.67	0	GCCCC
98340	350	30.66	0	GGGGG
1320	600	30.55	1.21	GGGGG
92400	600	30.52	1.01	TTTTT
98040	100	30.33	0	TTTTT
135300	450	30.33	0	TTTTT
95520	500	30.33	0	TTTTT
93780	500	30.27	0	TTTTT
94320	450	30.25	0.61	TTTTT
46500	450	30.15	0.54	GGGGG
119040	400	30.11	0	TTTTT
181560	200	29.82	0	CCCCC
185760	100	29.81	0	TTTTT
135780	250	29.63	0	TTTTT
46860	450	29.55	0.59	GGGGG
149040	250	29.55	0	TTTTT
47400	300	29.54	0	CCCCC
144660	550	29.52	0.85	TTTTT
96960	250	29.52	0	TTTTT
173880	400	29.37	0	TTTTT
120	450	29.28	0	CCCCC
95820	200	29.21	0	TTTTT
12120	600	29.2	0.67	TTTTT
135960	550	28.81	0.65	TTTTT
192420	200	28.77	0.56	TTTTT
141240	450	28.69	0.06	TTTTT
118620	600	28.66	1.26	TTTTT
1140	450	28.63	0	GCGGC
172860	450	28.59	0	TTTTT
36780	100	28.54	0	CCCCC
1500	450	28.39	0.34	CCCCC
1440	550	28.36	0	GGCCC
480	500	28.27	0.89	CCCCC
144540	600	28.18	0.89	TTTTT
1020	250	28.15	0	CCCCC
192360	500	28.13	1.01	TTTTT
148740	600	28.12	0.19	TTTTT
12600	550	27.92	0	TTTTT
46440	600	27.88	0.65	GGGGG
147480	450	27.84	0.02	TTTTT
181380	150	27.74	0	GGGGG
136320	400	27.67	0	TTTTT
96780	500	27.62	0	TTTTT
80640	600	27.58	0.46	GGGGG
196740	450	27.52	0.6	GGGGG
116040	600	27.5	1.45	CTCCT
95580	500	27.47	0	TTTTT
144900	300	27.36	0.67	TTTTT
101820	350	27.36	0.69	TTTTT
97140	550	27.34	1.33	TTTTT
92880	550	27.33	0.44	TTTTT
127980	350	27.33	0	TTTTT
128040	300	27.2	0	TTTTT
173700	600	27.16	1.3	TTTTT
46560	500	27.15	0.59	GGGGG
12480	600	27.09	0	TTTTT
84900	100	27.06	0	TTTTT
136260	500	26.98	0.24	TTTTT
97260	550	26.97	0.97	TTTTT
119580	300	26.83	0	TTTTT
35160	550	26.73	0.29	CCCCC
140040	100	26.73	0	TTTTT
35280	400	26.63	0	CCCCC
92820	550	26.62	0.57	TTTTT
182280	150	26.62	0	TTTTT
94140	600	26.62	0.63	TTTTT
12360	600	26.58	0	TTTTT
148680	550	26.53	0.36	TTTTT
118680	400	26.46	0	TTTTT
12060	450	26.43	0.01	TTTTT
94380	500	26.43	0.1	TTTTT
144720	600	26.42	0.64	TTTTT
187320	600	26.41	0.33	CTCTC
134760	100	26.23	0	TTTTT
136200	500	26.2	0.3	TTTTT
94500	600	26.13	0.35	TTTTT
92760	400	26.13	0.65	TTTTT
96840	500	26.11	0	TTTTT
140940	100	26.1	0	GGGGG
96180	550	25.91	0.26	TTTTT
149280	100	25.86	0	TTTTT
5700	300	25.79	0	CTCTT
120840	150	25.73	0	TTTTT
600	400	25.63	0.46	CCCCC
152580	600	25.63	0.86	CCCCC
192300	600	25.57	1.04	TTTTT
92520	500	25.53	0.97	TTTTT
186060	550	25.37	0.96	GGGGG
12420	600	25.34	0	TTTTT
151680	100	25.13	0	TTTTT
15360	450	25.07	0.31	TTTTT
181500	300	25.01	0	CGCGC
11760	550	24.94	0.24	TTTTT
50280	100	24.89	0	CCCCC
5880	100	24.8	0	TTTTT
119400	150	24.71	0	TTTTT
171420	200	24.71	0	TTTTT
139920	300	24.67	0.6	TTTTT
96000	550	24.64	0.84	TTTTT
152760	150	24.58	0	TCCCC
81060	300	24.57	0	CCCCC
98400	600	24.53	0.91	GGGGG
136080	500	24.46	0.58	TTTTT
1200	450	24.45	0	GGCGG
91200	150	24.43	0	GGGGC
96240	550	24.37	0	TTTTT
173820	400	24.12	0	TTTTT
174000	250	24.11	0	TTTTT
540	600	24.1	0	CGCCC
47040	450	24.08	0.32	CCCCC
147360	600	24.05	0.44	TTTTT
12180	600	23.98	0.66	TTTTT
62820	200	23.95	0	TTTTT
99480	600	23.94	0.62	TTTTT
119520	300	23.94	0	TTTTT
184560	150	23.92	0	TTTTT
97200	600	23.84	1.23	TTTTT
13080	200	23.77	0	TTTTT
182580	150	23.77	0	CCCTC
109260	150	23.72	0	TTTTT
136500	450	23.71	0	TTTTT
137520	300	23.68	0	TTTTT
138180	300	23.67	0	TTTTT
192480	450	23.67	1.3	TTTTT
12300	550	23.62	0	TTTTT
192540	150	23.6	0	TTTTT
11880	600	23.57	0.27	TTTTT
12960	400	23.55	0.96	TTTTT
174660	300	23.52	0	TTTTT
80580	550	23.51	0.38	GGCGG
78420	100	23.43	0	GCGGG
98460	250	23.43	0	TGGGG
97980	200	23.38	0	TTTTT
137400	400	23.36	0	TTTTT
136440	600	23.33	0	TTTTT
120720	450	23.24	0.35	TTTTT
15480	350	23.22	0	TTTTT
47340	350	23.16	0.86	CCCCC
152700	100	23.11	0	GGCCG
147300	600	23.11	0.32	TTTTT
98520	400	23.09	0.17	GGGGG
186180	400	23.09	0.68	GGGGG
118560	600	23.07	0.57	TTTTT
171480	150	23	0	TTTTT
7980	450	23	0.35	TTTTT
22800	200	23	0	CCTCC
184380	550	22.96	0.99	TTTTT
182640	100	22.95	0	CCCTC
135540	550	22.9	0.46	TTTTT
37080	150	22.75	0	GCGGG
138240	450	22.73	0	TTTTT
172800	450	22.7	0	TTTTT
138000	600	22.66	1.41	TTTTT
47520	550	22.64	0.49	GGGGG
188460	150	22.62	0	TCTTT
186120	600	22.59	0.86	GTGGG
98760	500	22.57	0.87	CCCCC
94020	550	22.52	0.44	TTTTT
173760	600	22.48	0.99	TTTTT
95700	400	22.42	0	TTTTT
46620	600	22.41	0.62	GGGGG
147180	600	22.41	1.19	TTTTT
146640	300	22.4	0	TTTTT
15300	550	22.39	0.48	TTTTT
173940	300	22.37	0	TTTTT
181200	450	22.33	0.78	GGGGG
128100	300	22.31	0	TTTTT
14880	400	22.28	0.9	TTTTT
46980	600	22.27	0.36	CCCCC
185280	600	22.27	0.71	TTTTT
5160	100	22.26	0	TTTTT
141180	450	22.21	0	TCTTT
140760	550	22.2	0.7	GGGGG
91320	150	22.09	0	TTCTT
5100	200	22.07	0	TTTTT
98100	200	22.03	0	TTTTT
182400	100	22.01	0	TTTTT
1680	300	21.93	0	CCCCC
188520	100	21.91	0	TTTTT
140820	550	21.85	0.7	GGGGG
184440	500	21.84	1.04	TTTTT
139620	600	21.8	0.74	TTTTT
127920	400	21.8	0.41	TTTTT
135600	400	21.78	0.28	TTTTT
7920	500	21.73	0.49	TTTTT
46920	600	21.65	0.44	GGGGG
145560	400	21.64	0.58	TTTTT
199400	450	21.58	1.41	CCCCC
35220	550	21.54	1.23	CCCCC
99720	300	21.49	0.28	TTTTT
98700	200	21.46	0	GGGTG
47640	400	21.46	0	GGGGC
192780	200	21.45	0	CCCCC
187260	550	21.36	0.68	CTCTT
185520	350	21.35	0.57	TTTTT
22860	300	21.33	0.88	CCCCC
177120	150	21.27	0	GCGGG
92460	350	21.21	0.96	TTTTT
92940	500	21.21	0.02	TTTTT
94080	550	21.14	0.3	TTTTT
5580	450	21.14	0.62	TTTTT
138120	300	21.13	0	TTTTT
103440	400	21.08	0	CCTTC
15060	600	21.07	0.52	TTTTT
67680	100	21.06	0	TTTTT
15540	350	21.04	0	TTTTT
15420	250	21.03	0	TTTTT
94200	600	21.02	0.49	TTTTT
135000	550	21.01	0.56	TTTTT
172980	300	20.99	0	TTTTT
59340	100	20.98	0	TTTTT
197640	100	20.96	0	GGGGG
127860	500	20.92	0.05	TTTTT
73860	250	20.91	0	TTTTT
141060	550	20.91	1.04	TTTTT
196680	500	20.88	0.84	GGGGG
15120	600	20.86	0.31	TTTTT
139860	350	20.78	0.14	TTTTT
185700	250	20.78	0	TTTTT
15720	150	20.77	0	TTTTT
174120	100	20.76	0	TTTTT
197580	150	20.73	0	GGGGG
141420	450	20.7	0.87	TTTTT
140880	250	20.63	0	GGGGG
152520	600	20.4	0	CCTTC
102060	250	20.36	0	TTTCT
54180	550	20.31	0.52	TTTTT
26400	100	20.29	0	TTTTT
14760	500	20.28	0.67	TTTTT
188940	300	20.28	0.74	TTTTT
77400	600	20.28	0	TTTTT
95640	200	20.14	0	TTTTT
48840	150	20.08	0	TTTTT
15000	450	19.96	0	TTTTT
148440	500	19.95	0.83	TTTTT
109140	300	19.94	0	TTTTT
151320	250	19.93	0	GGGGG
77520	400	19.92	0	TTTTT
103680	100	19.88	0	TTTTT
99840	200	19.8	0	TTTTT
184080	550	19.77	1.02	TTTTT
33660	200	19.76	0	TTTTT
113040	250	19.7	0	TTTTT
146760	150	19.7	0	TTTTT
174720	150	19.66	0	TTTTT
5640	350	19.59	0	CTCTT
127800	550	19.59	0.52	TTTTT
95940	600	19.58	1.01	TTTTT
181680	100	19.49	0	CCCCC
128160	150	19.49	0	TTTTT
5520	550	19.44	0.89	TTTTT
139980	350	19.44	0.82	TTTTT
148620	450	19.44	0.46	TTTTT
141360	300	19.4	0	TTTTT
171360	500	19.37	0.68	TTTTT
100740	600	19.34	0.61	TTTTT
15600	250	19.32	0	TTTTT
112800	500	19.26	0.07	TTTTT
112980	350	19.23	0	TTTTT
174780	600	19.22	0.36	TTTTT
118440	600	19.2	0.7	TTTTT
127620	600	19.16	0.09	TTTTT
14820	450	19.13	0.75	TTTTT
185460	500	19.06	0.47	TCTTT
96120	550	19.04	0.14	TTTTT
33420	450	19.03	0.07	TTTTT
127680	600	19.02	0.46	TTTTT
169860	100	19.02	0	TTTTT
26160	500	18.96	0.81	TTTTT
62880	150	18.95	0	TTTTC
109800	450	18.95	0.48	TTTTT
173100	500	18.95	0.03	TTTTT
50160	300	18.87	0	CCCCC
151440	350	18.85	0.92	GGGGG
56160	100	18.85	0	TTTTT
14700	550	18.8	0.65	TTTTT
153060	100	18.75	0	TTTTT
172920	550	18.75	0.47	TTTTT
95880	250	18.74	0	TTTTT
184140	550	18.72	0.4	TTTTT
137580	250	18.72	0	TTTTT
93960	600	18.71	0.66	TTTTT
136140	150	18.66	0	TTTCT
176640	550	18.65	0.98	TTTTT
151500	200	18.6	0	GGGGG
33360	500	18.59	0.12	TTTTT
11700	150	18.55	0	TTTTT
45480	150	18.55	0	TTTTT
33600	200	18.53	0.77	TTTTT
113160	150	18.53	0	TTTTT
104400	100	18.48	0	TTTTT
115980	550	18.46	0	TTTCC
186600	150	18.43	0	CCGGG
181020	600	18.42	1.32	GGGGG
136020	550	18.42	0.74	TTTTT
186300	450	18.41	0.56	GGTGG
72960	600	18.4	0.74	TTTTT
13980	100	18.25	0	TTTTT
84660	400	18.22	0.74	TTTTT
106200	350	18.18	0.56	GGGGG
1620	350	18.17	0	GGCCC
11640	600	18.14	0.82	TTTTT
59220	250	18.14	0	TTTTT
115920	550	18.1	1.39	TTTTT
192240	400	18.08	0.47	TTTTT
1800	150	18.04	0	CCCCC
112740	600	18.02	0.35	TTTTT
77460	600	17.99	0.33	TTTTT
127740	550	17.98	0.11	TTTTT
53820	450	17.95	0.98	TTTTT
98880	400	17.95	0.97	CCCCC
187200	600	17.94	1.04	TTTTT
134820	600	17.93	0.92	TTTTT
142380	250	17.88	0	TTTTT
99900	150	17.86	0	TTTTT
11520	600	17.86	0.8	TTTTT
91140	400	17.84	0	TCTTC
138060	350	17.82	0	TTTTT
172740	450	17.74	0	TTTTT
186360	350	17.67	0	TTGGT
173640	600	17.66	0.6	TTTTT
3840	300	17.66	0.25	TTTTT
153000	150	17.66	0	TTTTC
192660	250	17.66	0	TCCCT
129540	150	17.65	0	TTCTT
188820	500	17.57	0.52	TTTTT
135720	300	17.56	0.65	TTTTT
22980	100	17.55	0	GCTCT
25140	200	17.46	0	CCCCC
193560	150	17.46	0	TTTTT
91260	200	17.36	0	TTTTT
3960	100	17.32	0	TCCCT
59100	350	17.32	0	TTTTT
141300	400	17.32	0	TTTTT
184320	500	17.32	0.68	TTTTT
147420	400	17.31	0.97	TTTTT
119760	100	17.3	0	TTTTT
67620	250	17.3	0	TTTTT
139800	350	17.18	0.29	TTTTT
77640	500	17.15	0	TTTTT
7800	250	17.15	0.64	TTTTT
98160	400	17.14	0	GGTGT
54840	200	17.13	0	TTTTT
67200	150	17.13	0	CCCCC
47460	550	17.13	0	CGGGG
110100	350	17.1	0.11	TTTTT
109200	350	17.08	0.95	TTTTT
102120	100	17.02	0	CCCCC
166680	300	17.01	0	TTTTT
174540	500	17.01	0.94	TTTTT
101940	250	17	0.93	TTTTT
152640	550	16.98	0	CTCTT
62640	300	16.97	0	CCCCC
180600	450	16.95	0.75	TTTTT
16920	500	16.86	0.38	TTTTT
33300	550	16.83	0.63	TTTTT
145680	300	16.76	0.5	TTTTT
14940	450	16.75	0.78	TTTTT
137940	550	16.67	0.9	TTTTT
134640	350	16.67	0.67	TTTTT
98280	550	16.66	0.91	GGGGG
99420	550	16.66	0.63	TTTTT
148560	550	16.65	0.59	TTTTT
36840	400	16.64	1.13	GGGGC
146700	250	16.62	0	TTTTT
147060	550	16.61	1.53	TTTTT
150600	150	16.6	0	TCTTT
31680	200	16.58	0	TTTTT
110640	250	16.58	0	TTTTT
24960	150	16.55	0	TTTTT
147240	600	16.49	1.02	TTTTT
99660	400	16.49	0.76	TTTTT
59580	100	16.46	0	CCCCC
103380	500	16.45	0	CCTTC
142320	350	16.42	0.53	TTTTT
100620	450	16.41	0.02	TTTTT
47700	300	16.41	0	GGGGG
67080	300	16.39	0.89	CCCCC
185340	600	16.38	0.53	TTCTT
55800	500	16.33	0.41	TTTTT
120780	450	16.33	0.64	TTTTT
54480	350	16.32	0	TCATT
162240	100	16.29	0	GGGGG
26220	450	16.27	1.09	TTTTT
90780	450	16.26	1.36	GGGGG
13200	200	16.26	0.88	TTTTT
9960	350	16.25	0	TCCTC
109320	100	16.22	0	TTTTT
128220	100	16.2	0	TTTTT
47220	550	16.16	0.51	CCGCC
192000	100	16.13	0	CACCC
91080	350	16.1	0	CCTTC
78300	200	16.09	0	GGGGG
185640	400	16	0.83	TTTTT
98580	300	15.99	0.07	GGGGG
141120	600	15.91	0.8	TTTTT
53580	400	15.9	0.68	TTTTT
5820	200	15.87	0	TCTTC
47760	200	15.87	0	GGGGC
72900	250	15.84	0	TTTTT
118500	450	15.81	0.44	TTTTT
26280	400	15.78	0.72	TTTTT
151560	250	15.75	0.86	GGGGG
173040	450	15.62	0.21	TTTTT
145020	450	15.58	0.67	TTTTT
134700	200	15.58	0	TTTTT
84780	300	15.58	0.65	TTTTT
90840	500	15.57	1	GGGGG
59160	300	15.54	0	TTTTT
108540	100	15.51	0	ATTTT
35100	500	15.51	0.54	CCCCC
70680	100	15.48	0	CTTCT
189000	200	15.47	0.56	TTTTT
186000	550	15.44	0.98	GGGGG
10080	150	15.35	0.45	TTTTT
147540	450	15.33	0.51	TTTTT
141000	400	15.31	0	TGCTG
184800	150	15.29	0	CCCCC
184620	150	15.28	0	TTTTT
92340	500	15.28	0.86	TTTTT
144120	150	15.23	0.74	TTTTT
55980	250	15.23	0	TTTTT
113220	100	15.2	0	TTTTT
115860	550	15.15	1.48	TTTTT
101760	500	15.08	1.1	TTTTT
54060	550	15.07	0.76	TTTTT
99000	600	15.07	0.63	CTTTT
54120	600	15.07	0.58	TTTTT
129480	200	15.05	0	TTTTT
120420	150	15	0	TTTAT
109380	100	14.94	0	TTTTT
135660	500	14.93	0.9	TTTTT
25080	300	14.91	0.16	TCCCC
1740	200	14.9	0	CGCGC
147120	500	14.89	0.33	TCTTT
182460	300	14.88	0.2	CCCCC
171540	400	14.86	0.16	TTTTT
53940	600	14.84	0.62	TTTTT
119640	300	14.82	0.4	TTTTT
8220	600	14.78	0.59	TTTTT
5760	100	14.73	0	CCCCC
192720	450	14.73	1.31	CCCCC
13860	300	14.72	0.88	TTTTT
151260	450	14.68	0	GGGGG
182760	100	14.67	0	GGGGG
183900	600	14.67	1.02	TTTTT
145080	150	14.66	0	TTTTT
142440	500	14.66	0.51	TTTTT
147720	300	14.62	0.61	TTTTT
34980	600	14.62	0.63	CCCCC
62700	350	14.6	0	CTTTT
47580	300	14.59	0	CGGGC
90960	450	14.59	1.44	CCCCC
81240	100	14.58	0	CCCCC
47820	100	14.47	0	GGGGG
36900	350	14.47	0.85	GGGGG
185820	100	14.43	0	TTTTT
63780	150	14.42	0	CCCCG
181140	400	14.4	1.19	GGGGG
127440	100	14.4	0	TTTTT
186540	150	14.39	0	GTGGT
186420	500	14.38	0.98	TTTTT
67380	600	14.38	1.27	TTCTC
173160	450	14.33	0.5	TTTTT
16260	250	14.32	0.58	GGGGG
5040	550	14.29	0.81	TTTTT
193200	450	14.28	0.74	TTTTT
80520	500	14.25	0.8	GGGGG
152880	550	14.23	0.85	TTTTT
127560	600	14.22	0.37	TTTTT
3900	250	14.19	0.73	TTTTT
185580	350	14.17	0.5	TTCTT
156960	200	14.16	0.4	TTTTT
53520	150	14.15	0	CCCCC
117060	100	14.14	0	GGCGG
67140	400	14.14	1.14	CCCCC
141480	300	14.14	0	TTTTT
110040	200	14.11	0	TTTTT
151200	550	14.1	0.84	GGGGG
138360	150	14.07	0	TTTTT
105060	250	14.05	0	TTTTT
33540	350	14.01	0.44	TTTTT
78240	250	14	0	GGGGG
193620	350	14	0.79	TTTTT
14640	500	13.98	0.6	TTTTT
184200	600	13.97	0.55	TTTTT
84600	400	13.92	0.82	TTTTT
77700	350	13.91	0	TTTTT
138300	200	13.91	0	TTTTT
45120	100	13.9	0	TTTTT
67560	550	13.89	0.78	TTTTT
90540	450	13.89	0.21	GGGGG
49920	550	13.87	0.21	CCCCC
99540	500	13.86	0.64	TTTTT
45600	100	13.83	0	TTTTT
169140	150	13.83	0	GGGGT
76680	200	13.81	0	TTTTT
134880	550	13.79	0.8	TTTTT
8100	450	13.78	0.56	TTTTT
193140	550	13.75	0.86	TTTTT
109920	300	13.73	0.04	TTTTT
77760	350	13.73	0	TTTTT
77580	550	13.72	0.85	TTTTT
7860	250	13.72	0	TTTTT
176220	100	13.72	0	TTTTT
26880	250	13.7	0	TTTTT
24900	200	13.68	0.87	TTTTT
100860	150	13.66	0	TTTTT
188880	300	13.6	0.47	TTTTT
186480	400	13.58	1.15	TTGTT
92280	550	13.57	0.88	TTTTT
196620	600	13.56	0.84	GGGGG
178200	250	13.54	0.3	TTTTT
148320	550	13.53	0.5	TTTTT
193320	550	13.53	0.81	TTTTT
5460	550	13.52	0.48	TTTCT
29220	100	13.51	0	TTTTT
99960	100	13.47	0	TTTTT
119700	100	13.47	0	TTTTT
13620	600	13.47	0.78	TTTTT
100560	600	13.46	0.54	TTTTT
184260	500	13.42	0	TTTTT
67740	150	13.42	0	TTTTT
173280	300	13.41	0	TTTTT
102000	300	13.39	1.17	TTTTT
54420	150	13.38	0	TTTTT
53640	550	13.33	1.28	TTTTT
193440	450	13.31	0.75	TTTTT
60660	150	13.3	0	TTTTT
172680	500	13.27	0.58	TTTTT
144060	350	13.26	0.76	TTGTT
137700	150	13.26	0	TTTTT
174600	600	13.23	0.85	TTTTT
6780	200	13.22	0	TTTTT
152460	300	13.21	0	TCGGG
90720	500	13.21	1.01	GGGGG
145620	550	13.2	0.75	TTTTT
145140	550	13.2	0.81	TTTTT
77340	600	13.13	0	TTTTT
109860	600	13.11	0.16	TTTTT
62940	150	13.11	0	TTTTT
33480	450	13.08	0.11	TTTTT
147780	550	13.08	0.26	TTTTT
112860	250	13.08	0	TTTTT
112620	600	13.07	0.4	TTTTT
104940	350	13.06	0.08	TTTTT
192180	400	13.05	0.66	TTTTT
67020	500	13.04	0.73	CTCCC
140700	550	13.04	0	GGGGG
126600	500	13.02	1.13	GGGTG
193800	200	13	0	TTTTT
105120	400	13	0.63	TTTTT
195780	100	13	0	TTTTT
137640	300	13	0	TTTTT
145740	500	12.97	0.77	TTTTT
15180	500	12.97	0.26	TTTTT
67800	500	12.97	0.42	TTTTT
26460	450	12.96	0.8	TTTTT
142860	200	12.95	0	TTTTT
112680	500	12.95	0.61	TTTTT
22920	150	12.95	0	TCCCC
49980	500	12.92	0.55	CCCCC
108960	500	12.9	0.56	TTTTT
186240	500	12.89	1.13	TGGGG
48180	250	12.87	0	CCCCC
177060	150	12.86	0	TTGTT
16980	250	12.85	1.17	CCCCC
45300	100	12.85	0	GGGGG
145860	250	12.78	0	TTTTT
27180	200	12.78	0.53	GGGGG
8160	600	12.77	0.43	TTTTT
55860	350	12.75	0.36	TTTTT
144420	550	12.75	0.92	TTTTT
70500	100	12.74	0	GGGTT
50040	450	12.73	0	CCCCC
45060	600	12.73	0.86	TTTTT
169020	550	12.7	0	GGGGT
193500	400	12.65	0.82	TTTTT
193860	100	12.64	0	TTTTT
104340	150	12.58	0	TTTTT
188640	600	12.57	0.65	TTTTT
11460	600	12.56	0.76	TTTTT
134520	350	12.56	0.76	TTTTT
134940	600	12.55	0.58	TTTTT
5400	600	12.47	0.53	TTTTT
194100	300	12.45	0.63	TTTTT
100800	500	12.44	0	TTTTT
21480	150	12.44	0	TTTTT
105000	450	12.42	0	TTTTT
54000	350	12.39	0	ATTTT
60600	150	12.36	0	TTTTT
142740	350	12.36	0	TTTTT
146580	250	12.33	0.6	TTTTT
153300	150	12.28	0	TTTTT
31740	200	12.28	0.27	TTTTT
109980	550	12.27	0.3	TTTTT
104880	450	12.25	0.32	TTTTT
15660	200	12.23	0	TTTTT
182220	250	12.22	0.89	TTTTT
173220	350	12.22	0	TTTTT
181740	150	12.2	0	CGGGG
120360	600	12.2	0.45	TTTTT
7620	150	12.18	0	GGGGG
184500	550	12.16	1.43	TTTTT
150540	450	12.14	0.46	TTGTT
192060	600	12.14	0.69	TTTTT
137880	550	12.13	1	TTTTT
120660	600	12.12	0.66	TTTTT
109620	600	12.12	0.76	TTTTT
41880	550	12.1	0.29	ATTTT
73020	450	12.09	0.68	TTTTT
145800	350	12.09	0.63	TTTTT
111960	250	12.09	0	GGGGG
60300	450	12.08	0.36	TTTTT
169080	350	12.07	0.12	GGGGG
173400	200	12.07	0	TTTTT
147660	250	12.06	0	TTTTT
184860	100	12.04	0	CCCCC
53460	600	12.04	0.56	TTTTT
177180	150	12.01	0	GGGGG
24540	550	12.01	0.54	TTTTT
47880	150	12	0	GGGGG
100920	100	11.91	0	TTTTT
26340	550	11.91	0.79	TTTTT
150480	400	11.91	0	GTTTT
91740	200	11.89	0	TTTTT
46380	550	11.88	0.82	GGGGG
109680	550	11.85	0.55	TTTTT
133080	450	11.85	0.79	TTTTT
101880	450	11.83	0.77	TCTTT
21420	150	11.76	0	TTTTT
171780	250	11.75	0	TTTTT
120540	600	11.75	0.7	TTTTT
73320	100	11.74	0	TTTTT
77820	250	11.73	0	TTTTT
176820	550	11.72	0.87	TTTTT
54600	450	11.69	0.98	TTTTT
109080	400	11.68	1.56	TTTTT
148500	500	11.67	0.78	TTTTT
152400	500	11.67	0.75	CCCCG
125880	100	11.63	0	CCTTC
147600	350	11.63	0.61	TTTTT
101100	350	11.59	0.67	TTTTT
9840	500	11.57	0	CCCTG
125820	250	11.57	0	TTCCT
99180	300	11.56	0.52	TTTTT
63660	150	11.55	0.24	TTTTT
55920	300	11.53	0.36	TTTTT
3780	350	11.53	0.41	TTTTT
53760	550	11.49	0.9	TTTTT
99780	300	11.48	0.24	TTTTT
141540	150	11.48	0	TTTTT
56040	250	11.44	0	TTTTT
57540	600	11.44	0	CCCCC
7740	350	11.41	0.54	TTTTT
133380	100	11.38	0	TTGGT
26520	150	11.35	0	TTTTT
156840	450	11.33	0.83	TTTTT
60360	550	11.33	0.64	ATTTT
192120	500	11.32	0.91	TTTTT
181080	500	11.32	0.43	GGGGC
142260	600	11.32	0.74	TTTTT
137820	600	11.32	0	ATATT
26640	400	11.31	0.46	TTTTT
103320	500	11.31	0.6	TTTTT
176580	600	11.3	0.87	TTTTT
96060	550	11.3	0.43	TTTTT
59280	150	11.29	0	TTTTT
37800	100	11.29	0	GGGGG
189300	100	11.28	0	TTTTT
155760	300	11.24	0	ATTTT
187080	550	11.24	0.97	TTTTT
50100	450	11.22	0	CCCCC
145920	250	11.22	0.53	TTTTT
45000	600	11.21	0.9	TTTTT
70440	150	11.2	0	GGGGG
139740	450	11.17	0.44	TTTTT
129600	100	11.17	0	TTTTT
24600	550	11.17	0.51	TTTTT
113100	200	11.14	0	TTTTT
13560	500	11.12	0.3	TTTTT
78360	150	11.11	0	TTGGG
53880	400	11.09	0.97	TTTTT
199380	550	11.09	1.02	TCCCC
182160	400	11.09	1.16	TTTTT
184020	600	11.09	0.99	TTTTT
1860	200	11.07	0	CCGCC
24720	600	11.06	0.55	TTCTT
148260	600	11.05	0.51	TTTTT
13920	150	11.05	0	TTTTT
10620	550	11.04	0	TTTTT
84720	300	11.03	0.9	TTTTT
60480	250	11.01	0	TTTTT
185100	400	11	0.81	CCCCC
31080	200	10.98	0	TTTTT
133140	450	10.98	0.84	CTTTT
7320	450	10.97	0.42	GGGGG
98940	350	10.96	0.86	CCCCC
84540	550	10.96	0.82	TTTTT
185940	550	10.96	1	GGGGG
54360	600	10.95	0.82	TTTTT
37440	500	10.95	1.39	GGGGG
172620	550	10.94	0.48	TTTTT
174840	250	10.91	0.3	TTTTT
125700	400	10.87	1.08	CTTTT
185160	100	10.86	0	CCCCC
104760	550	10.86	0.42	TTTTT
151140	600	10.83	0.84	GGGGG
133200	250	10.82	0.58	TTTTT
90900	500	10.8	0.81	GCCCC
29460	150	10.8	0	TTTTT
152940	400	10.79	0.87	TTTTT
7260	450	10.79	0.37	GGGGG
37020	250	10.78	0	GGGGG
108900	500	10.78	0.49	TTTTT
98640	300	10.77	0.64	GGGGG
9780	400	10.76	0	CCCCT
48900	450	10.75	0.63	TTTTT
41160	550	10.75	0.59	TTTTT
29520	200	10.74	0	TTTTT
182520	250	10.73	0	CCCCC
44940	550	10.73	1.05	TTTTT
2700	100	10.73	0	TTTTT
21240	100	10.71	0	GGGGG
16020	100	10.69	0	TTTTT
143400	200	10.69	0	GCTGG
13740	400	10.68	0.7	TTTTT
176700	250	10.65	0.89	TTTTT
103500	350	10.64	0	CTCTT
139320	200	10.64	0	TTTTT
8460	250	10.64	0	TTTTT
5940	100	10.63	0	TCTCT
194280	100	10.63	0	CCCTC
133320	250	10.62	0	GCGTG
35040	600	10.61	0.73	CCCCC
185880	600	10.59	1.17	GGGGG
98820	450	10.59	0.79	CCCCC
50220	250	10.58	0	CCCGG
151740	100	10.57	0	TATTT
99300	300	10.57	0.88	TTTTT
9660	500	10.56	0	CCTCC
26100	600	10.55	0.81	TTTTT
167820	400	10.54	0	GGGGG
109740	450	10.54	0.74	TTTTT
10740	550	10.49	0.74	TTTTT
62400	600	10.49	0.68	TTTTC
21180	200	10.48	0	GGCGG
127500	550	10.47	1.06	ATTTT
174480	550	10.46	1.09	TTTTT
41220	200	10.45	0.52	TTTTT
184740	450	10.44	1.37	CCCCC
3720	450	10.43	0.54	TTTTT
171720	250	10.42	0	TTTTT
180540	250	10.42	0	TTTTT
123660	600	10.41	0.63	GGGGG
146460	450	10.38	0.82	TTTTT
77940	150	10.37	0	TTTTT
60540	200	10.37	0	TTTTT
7560	250	10.36	0	GGGGG
145200	300	10.35	0	TTTTT
68040	250	10.34	0	TTTTT
132480	100	10.34	0	AGGGG
77880	200	10.31	0	TTTTT
5220	550	10.31	0.34	TTTTT
10680	400	10.29	0	TTTTT
13680	100	10.29	0	GGGGG
72780	600	10.28	1	TTTTT
45420	200	10.28	0	TTTTT
10020	100	10.28	0	GTCTT
192600	550	10.26	0.91	CTCCC
146520	400	10.15	0.76	TTTTT
144360	550	10.13	0.15	GGTTT
156660	600	10.12	0.96	TTTTT
107340	100	10.11	0	TTTGT
194700	250	10.09	0	TTTTT
54300	350	10.08	0.06	TTTTT
125760	100	10.08	0	GGGGG
161580	100	10.08	0	GGGGG
142500	450	10.07	0	TTTTT
121020	450	10.07	0.67	TTTTT
71100	100	10.07	0	GGGGG
145440	600	10.04	0.37	TTTTT
159780	100	10.04	0	TTTTT
73380	200	10.04	0	TTTTT
157440	150	10.03	0	CTCCC
72840	600	10.03	0.77	TTTTT
187140	550	10.01	1.06	TTTTT
170940	100	10	0	TTTTT
193920	450	10	0.7	TTTTT
188580	100	9.96	0	TTTTT
24480	600	9.95	0.56	TTTTT
180960	550	9.93	0.63	GCGCG
140640	600	9.91	1.13	GGTGG
90600	350	9.91	0.09	GGGGG
195900	100	9.91	0	TTTTT
51120	200	9.89	0.59	GGGGG
147900	250	9.87	0.23	TTTTT
54660	600	9.87	0.63	TTTTT
99060	550	9.83	0.84	TTTTT
112920	450	9.83	0.92	TTTTT
8400	200	9.82	0	GTTTT
101040	300	9.81	0	TTTTT
41340	550	9.81	0.46	TTTTT
54720	450	9.81	0.88	TTTTT
180480	350	9.81	0	TCTTT
142560	500	9.8	0.41	TTTTT
90660	450	9.8	0	GGGGA
118380	600	9.8	0.83	TTTTT
16800	550	9.78	0.46	ATTTT
73920	200	9.76	0	TTTTT
19020	100	9.76	0	GGGGG
91860	100	9.76	0	TTTTT
41640	100	9.76	0	GGGGT
102240	100	9.74	0	TTTTT
76740	100	9.73	0	TTTTT
164400	200	9.71	0	TTTTT
174900	100	9.7	0	TTATT
41100	450	9.69	1.01	TTTTT
54960	100	9.69	0	TTTTT
110820	100	9.68	0	TTTTT
25020	400	9.67	0	CTTCT
67260	150	9.67	0	CCCCC
63360	250	9.67	0	GGAGG
117660	350	9.66	0.65	TTTTT
193260	500	9.65	0.69	TTGTT
178320	100	9.63	0	TTTTT
7500	450	9.63	1.36	GGGGG
55740	550	9.62	0.29	TTTTT
22680	350	9.61	0.63	TTTTT
143460	150	9.6	0	GGGGG
137760	600	9.6	1.14	TTTTT
41040	400	9.59	0.62	TTTTT
148380	500	9.59	0.73	TTTTT
115800	550	9.58	1.44	TTTTT
24300	350	9.55	0.33	TTTTT
81360	100	9.55	0	GGGGG
133020	600	9.53	1.08	TTTTA
22620	550	9.52	0.52	TTTCT
183660	100	9.52	0	TGTTT
10140	100	9.52	0	GGGGG
144180	300	9.5	0.16	GGGGG
170640	600	9.5	0	TTTAT
92220	500	9.48	0.79	TTTTT
6720	350	9.48	0	TTTAT
10980	200	9.43	0	TTTTT
62580	450	9.43	0.31	CTCCT
8280	300	9.43	0.58	TTTTT
11580	550	9.43	0.16	TCTTT
17100	600	9.41	0.38	TTTTT
178680	350	9.4	0	TTTTT
81300	150	9.39	0	CCCGC
14340	200	9.39	0	TTTAT
104280	300	9.37	0.65	TTTTT
183960	550	9.35	1.17	TTTTT
22380	550	9.35	0.55	TATTT
72720	400	9.34	0.05	TTTTT
22740	400	9.34	0.66	CCCTC
173460	150	9.34	0	TTTTT
56760	600	9.33	0	CCCCC
78120	400	9.3	0.38	GGGGG
25680	300	9.29	0.72	CCCCC
180660	150	9.29	0	TTTTT
89700	100	9.28	0	GGGGG
33720	150	9.28	0	TTTTT
48660	350	9.26	0.74	TTTTT
111900	300	9.26	0.48	GGGGG
191940	150	9.25	0	CCCCC
103560	250	9.22	0	CTCCC
145380	100	9.22	0	TTTTT
194160	250	9.21	0.27	TCTTT
67500	400	9.21	0	TTTTT
80460	600	9.2	0.68	GGGCG
41700	550	9.2	0.73	TTTTT
109020	400	9.19	0.43	TTTTT
31440	500	9.19	0.57	TTTTT
169260	450	9.19	0.31	CGGGG
25740	100	9.18	0	GGGTT
4080	100	9.18	0	TTTCT
8040	500	9.17	0.59	TTTTT
157680	150	9.17	0	TTTTT
106260	200	9.16	0.59	GGGGG
63900	100	9.15	0	TTTTT
144000	300	9.15	0.89	TTTTT
33120	600	9.14	1.29	TTTTT
91020	450	9.14	0.94	CCCTG
63600	200	9.14	0	TTTTT
24780	600	9.14	0.76	TTTTT
177000	300	9.11	0	GGTGG
188760	400	9.1	0.63	TTTTT
168960	400	9.1	0	AGGGG
3660	500	9.1	0.6	TTTTT
30900	350	9.08	0.46	TTTTT
123720	500	9.02	0.97	GGGGG
139680	500	9.01	1.11	TTTTT
125940	100	9	0	CCTCT
194220	250	9	0	TTTCT
56100	150	8.98	0	TTTTT
55560	550	8.97	0.66	TTTTT
148200	100	8.96	0	CCCCT
2580	250	8.96	1.1	TTTTT
55680	550	8.95	0.47	TTTTT
157140	600	8.95	0.56	TTTTT
54240	550	8.94	0.77	TTTTT
50340	100	8.93	0	CCCCC
24840	550	8.92	1.13	TTTTC
16140	400	8.92	0.98	GGGGG
8520	400	8.92	0.8	TTTGT
14280	200	8.91	0	CTTTT
110340	150	8.89	0	TTTTT
99240	200	8.89	0	TTTCT
167760	400	8.89	0.2	AGGGG
99600	450	8.88	0.83	TTTTT
194580	300	8.87	0.85	TTTTT
194340	150	8.86	0	TTTCT
142800	300	8.85	0	TTATT
92160	550	8.84	0.79	TTTTT
183300	250	8.82	0.93	CCCCC
57420	200	8.81	0	CCCCC
133440	100	8.8	0	GCGGG
7200	600	8.8	0.41	GGGGG
49860	600	8.78	0.11	CCCCC
172560	550	8.77	0.7	TTTTT
24240	600	8.77	0.52	TTTTT
189060	100	8.75	0	TTTTT
91800	150	8.75	0	TTTTT
123240	100	8.75	0	GGGAG
13800	250	8.74	0.22	TTTTT
9900	450	8.74	0.03	GGCCT
120600	600	8.74	0.51	TTTTT
53400	300	8.73	0.83	CCCCC
121080	350	8.73	0.33	TTTTA
23340	300	8.73	0.62	TTTTT
16860	250	8.73	0.28	TTTTT
48240	150	8.72	0	CCCCC
73980	150	8.71	0	TTTTT
171240	400	8.7	0.59	TTTTT
67980	300	8.7	0.76	TTTTT
117120	100	8.7	0	GGGGG
9720	600	8.7	0.31	CCCGC
183120	400	8.69	0.51	TTTTT
193080	550	8.68	0.8	TTTTT
73260	300	8.65	0	TTTTT
193680	600	8.65	0.92	TTTTT
103620	150	8.64	0	TTTCC
33780	100	8.64	0	TTTAT
59040	350	8.64	0	TTTTT
26760	450	8.64	0.01	TTTTT
84420	600	8.63	0.98	TTTTA
30360	550	8.62	0.79	TTTTT
16380	150	8.62	0.26	GGGGG
73680	500	8.59	0.29	TTTTT
74040	100	8.58	0	TCTTT
191640	150	8.57	0	TTTTT
73740	450	8.56	0	TTTTT
142020	600	8.52	0.65	TTTTT
129420	250	8.51	0.58	TTTTT
146880	600	8.51	0.72	AAGGG
37500	400	8.5	1.24	GGGGG
32940	250	8.5	0.86	CGGGG
134460	450	8.48	1.13	TTTTT
37860	150	8.47	0	TTTTT
164460	200	8.47	0.81	TTTTT
142680	400	8.46	0.91	TTTTT
33180	550	8.46	1.18	TTTTT
173340	250	8.44	0	TTTTT
29580	200	8.44	0.44	TTTTT
16200	350	8.44	1.01	GGGGG
57060	500	8.43	0	CCCCC
169200	400	8.43	0.14	GGGGG
8340	550	8.41	0.76	TTTTT
194040	450	8.4	0.69	TTTTT
130740	350	8.4	0.68	AAAAA
147000	550	8.4	0.93	TGTTT
82560	100	8.38	0	GGTGG
100980	400	8.35	0.4	TTTTT
73140	400	8.35	1.31	TTTTT
57360	250	8.34	0	CCCCC
91380	100	8.34	0	TTTGT
171120	500	8.32	0.75	TTTTT
7440	350	8.29	0	GGGGG
161160	100	8.28	0	CCCCG
2640	300	8.25	0.67	TTTTT
157080	500	8.25	0.78	TTTTT
76320	100	8.23	0	TTTAT
19740	200	8.22	0.29	GGGGG
142920	150	8.21	0	TTTTT
15780	100	8.2	0	TTTTT
20760	250	8.2	0.2	GGGGG
145500	500	8.19	0.39	TTTTT
152340	600	8.18	0.48	TTTCT
54540	250	8.18	0.54	TTCTT
100020	100	8.17	0	TTTTT
21360	200	8.17	0	TCTTT
22260	600	8.16	0.98	TTTTT
32220	150	8.15	0	TTTTT
14400	100	8.14	0	TTTTT
104820	500	8.14	0.46	TTTTT
110760	150	8.12	0	TTTTT
178140	350	8.11	0.3	TTTTT
24660	550	8.11	0.65	TTCTT
118320	600	8.09	0.83	TTTTT
84480	500	8.09	0.97	ATTTT
67320	500	8.08	0.38	TTTTT
190860	100	8.08	0	GGGGG
108480	200	8.08	0	TTTTT
10800	350	8.06	0	TTTTT
27540	100	8.05	0	CTCCT
178800	100	8.05	0	TTTTT
109560	100	8.03	0	GAGGG
157260	300	8.01	0	CATCC
17880	100	8	0	TTTTT
101700	500	7.99	1.13	TTTTT
126780	100	7.99	0	CGCGG
58500	550	7.99	0	AAAAA
145260	600	7.97	0.4	TTTTT
153240	550	7.97	0.54	TTTTT
58980	450	7.96	0	TTTTT
26040	200	7.95	0	CCCCC
138600	100	7.93	0	TTATT
170220	200	7.93	0.78	TTTTT
10200	100	7.93	0	CCCCC
45180	500	7.89	0.78	TTTTT
70620	200	7.89	0	TTTTT
28980	350	7.87	0.4	TTTTT
69000	100	7.87	0	TTTTT
24420	350	7.87	0.35	TTTTT
14580	600	7.85	0.62	TTTTT
195540	500	7.85	0.85	TTTTT
178740	250	7.83	0	TTTTT
57000	150	7.82	0	CCCCC
148140	550	7.82	0.44	TTTTT
142140	500	7.82	0.56	TTTTT
29040	250	7.82	0.24	TTTTT
41280	250	7.82	0.24	TTTTT
156900	600	7.8	0.71	TTTTA
20580	500	7.77	0.65	GGGGG
25920	300	7.77	0.08	CCCCC
187020	550	7.75	0.61	TTTTA
11400	600	7.75	0.76	TTTTT
82500	150	7.73	0	GGGGG
100680	550	7.72	0.44	ATTTT
78180	350	7.72	0.53	GGGGG
90420	600	7.72	0.64	GGGGG
20520	500	7.7	0.41	GGGGG
182100	350	7.7	0.25	TTTTT
2760	100	7.7	0	TTTCT
73200	450	7.68	1.04	TTTTT
126360	600	7.67	0.85	TTTTT
195840	250	7.67	0	TTTTT
17040	250	7.67	0.76	TTTTT
61200	250	7.67	0	GCCTT
138420	250	7.67	0	TTTTT
62160	250	7.67	0	GGAGG
184680	300	7.67	0	TCCCT
17760	350	7.66	0.5	TTTTT
112260	550	7.66	1.14	AAAAA
9060	150	7.66	0	GCCGC
73080	450	7.66	0.84	TTTAT
146400	550	7.64	0.92	TTTTT
110580	400	7.64	0	TTTTT
42240	100	7.64	0	CCCCC
25860	300	7.64	0.46	CCCCC
66960	400	7.64	0.96	CCCCC
157200	350	7.64	0.38	CCCCC
10860	300	7.62	0	TTTTT
20700	250	7.62	0.25	GGGGG
180720	100	7.62	0	CTCTT
67440	550	7.61	1.2	TTTTT
117180	100	7.61	0	GGGGG
176940	350	7.61	0.34	GGGGG
48720	250	7.61	0.29	TTTTT
161460	250	7.59	0.42	GGGGC
57120	500	7.59	0	CCCCC
23460	200	7.58	0	TTTTT
127380	150	7.56	0.45	TTTTT
23880	200	7.56	0	ATTTT
33060	150	7.55	0	GCTGG
57240	250	7.54	0	CCCCC
26700	400	7.53	0	TTTTT
162420	600	7.51	0.75	AAAAA
171900	150	7.51	0	TTTTT
84840	200	7.5	0	TGTTT
193740	600	7.49	1	TTTTT
165600	100	7.49	0	CCCTT
40920	450	7.48	0.09	TATTT
17700	300	7.48	0.43	TTTTT
153360	500	7.48	0.22	TTTTT
194640	250	7.46	0	TTTTT
192840	100	7.45	0.3	TTTTT
189900	100	7.45	0	TTTTT
77160	600	7.45	1.1	TATTT
120480	500	7.43	0.2	ATTTT
21600	550	7.43	0.48	AAAAA
5340	600	7.42	0.04	CTTTT
72120	400	7.42	0	TTTTT
152820	350	7.42	0.68	TTCTT
29640	150	7.41	0.38	TTTTT
73800	500	7.41	0.93	TTTTT
75060	250	7.4	0	TTTTT
126660	400	7.39	0	CGGGT
30960	550	7.39	0.18	TTTTT
41940	350	7.37	0.39	TTTTT
32160	250	7.35	0	TTTTT
11100	100	7.35	0	TATTA
123840	400	7.35	0	GGGGG
103740	100	7.34	0	TTTTT
183240	100	7.34	0	CGTTT
31380	150	7.34	0	TTTTT
173580	600	7.31	0.54	TTTTT
103260	600	7.31	0	ATCTT
90480	550	7.29	0.72	GGGGG
148080	600	7.29	0.4	TTTTT
57300	550	7.28	0	CCCCC
183180	250	7.26	0	TGTGT
58380	350	7.26	0	CCCCC
56280	100	7.25	0	GGGGG
174180	150	7.25	0	TTTTT
56940	550	7.25	0	CCCCC
161340	400	7.25	1.11	GGGGG
194820	100	7.24	0	TTTTT
8760	100	7.24	0	TTTTT
167880	200	7.23	0	GGGGG
160560	350	7.22	0.86	TTTTT
169320	250	7.21	0	GCGGG
101580	550	7.2	1.48	TTTTT
156780	250	7.2	0	TTTTT
20640	300	7.19	0	GGGAG
194520	350	7.16	0.2	TTTTT
110160	400	7.15	0.72	TTTTT
109440	250	7.15	0	GGGGG
108720	250	7.14	0	GGGGG
195300	150	7.13	0	TTTTT
120960	100	7.13	0	CCCCC
46320	550	7.12	0.66	GGGGG
10500	600	7.12	1.2	TTTTT
73440	150	7.11	0	TTATT
171660	400	7.09	0	TTTTT
32580	250	7.09	0	TTTTT
101520	600	7.09	1.24	TTTTT
33240	600	7.09	0.87	TTTTT
143820	100	7.09	0	GGGGG
16320	100	7.09	0	GCGAG
126540	300	7.09	0.7	TTTTT
110220	250	7.09	0	TTTTT
17820	150	7.09	0	TTTTT
139560	600	7.09	0.8	TTTTT
89640	150	7.07	0	GGGGG
28920	350	7.06	0.64	TTTTT
108780	200	7.04	0	GGGGG
14040	450	7.03	0.48	TTTTT
195600	600	7.03	0.68	TTTTT
126420	350	7.02	0.08	TTTTT
168300	100	7.02	0	TTTTT
54900	300	7.02	0	TTTTT
41460	550	7.02	0.51	ATTTT
89220	100	7.01	0	GGGGG
28860	450	7	0.51	TTTTT
170880	350	7	0.66	TTTTT
161100	150	6.99	0	GCTTG
10260	100	6.98	0	CCCCC
72300	100	6.96	0	TTTTT
68100	200	6.96	0.06	TTTTT
176160	150	6.95	0	TTTTT
22440	600	6.95	0.75	TTTTT
191580	500	6.94	1.21	TTTTT
102180	200	6.94	0.62	CCCCC
60720	300	6.94	0.04	TTTTT
107040	100	6.94	0	TTTTT
180120	200	6.94	0.65	TTTTT
25620	550	6.93	0.71	CCCCC
6600	500	6.93	0.71	TTATT
63720	200	6.92	0	CCTGC
74820	150	6.91	0	TTTTC
142200	600	6.9	0.64	TTTTT
160500	200	6.9	0.58	TTTTT
125580	250	6.9	1.12	GGGGT
37740	150	6.89	0	GGGGA
58140	600	6.89	0	AAAAA
157380	250	6.87	0	ACCCC
34860	600	6.87	0.49	CCCAC
41820	250	6.86	0.36	ATTTT
169800	150	6.86	0	TTTTT
183360	250	6.86	0.92	CCCCC
129780	550	6.86	0.94	TTTTT
148020	350	6.85	0.3	TTTTT
10560	600	6.85	0.96	TTTTT
191880	200	6.85	0.25	CCCCC
166800	300	6.85	0	TTTTT
198120	150	6.85	0	GGGGG
62460	600	6.84	0.63	TATTT
127020	500	6.84	0	AAAAA
31620	250	6.83	0.88	TTTTT
99360	200	6.83	0	TTTTT
17580	400	6.82	0.98	TTTTT
147840	550	6.82	0.28	TTTTT
63180	450	6.81	0.34	GGGGG
138660	100	6.81	0	AATTT
122100	200	6.8	0	TTTTT
178020	450	6.79	0.26	TTTTT
133860	400	6.78	0.78	TTTTT
7680	600	6.77	1.01	TTTTT
69360	350	6.77	0	TTTTT
121320	150	6.77	0	TTTTT
195960	200	6.76	0	TTTTT
106680	300	6.74	0	GGGGT
62520	550	6.74	0.81	TTTTC
101640	600	6.73	1.13	TTTTT
84360	500	6.73	0.88	TTTTT
63540	450	6.72	0.97	TTTTG
33000	250	6.71	0.71	GGGGG
153600	250	6.71	0	AATTT
147960	400	6.69	0.22	TTTTT
170820	450	6.69	0	TTTAT
150420	400	6.68	0.78	TAGTT
17220	450	6.68	0	TTTTT
199260	450	6.68	0	AAAAA
58440	450	6.68	0	CCCCC
45540	100	6.66	0	TTTTA
3600	600	6.66	0.47	TTTTT
144300	600	6.66	0.87	TTTTT
34920	550	6.65	0.7	CCCCC
57480	500	6.64	0	CCCCC
99120	500	6.64	0.73	CTTTT
19860	100	6.64	0	TTTTT
185220	600	6.64	0.43	TTCTC
179040	500	6.64	0	AAAAA
186720	200	6.64	0.08	TTTTT
40620	100	6.63	0	TTTTT
18780	300	6.62	0.51	GGGGG
125640	450	6.62	0.87	TCTTC
152280	600	6.61	0.99	CTTCT
128460	100	6.61	0	GGGGG
73560	600	6.58	0.85	TTTTT
72660	450	6.57	0.37	TTTTT
126720	350	6.57	0	CGTGC
22500	550	6.56	0.4	TTTCT
189600	500	6.56	0.78	TTTTT
48000	550	6.54	0.95	TCCTC
4920	400	6.53	1.26	AAAAA
11340	500	6.53	0.94	TTTTT
9000	150	6.53	0	GGAGG
59520	150	6.53	0	CGGGG
81840	100	6.52	0	CTTCT
141600	200	6.52	0.63	TTTTT
70920	250	6.5	0	GGGGG
153780	100	6.49	0	GGGGG
58620	500	6.49	0	AAAAA
124080	150	6.49	0	GGGGG
105180	150	6.49	0	TTTTT
56820	600	6.48	0	CCCCC
54780	300	6.48	0	TTTTT
132960	550	6.47	0.95	TTATT
170160	550	6.47	0.9	CCTCC
176880	400	6.46	0.17	TGTGT
71400	100	6.46	0	TTTTT
196020	100	6.45	0	TTTTT
176760	600	6.45	0.94	TATTT
110280	450	6.45	1.44	TATTA
195240	150	6.42	0	TTTTT
21660	550	6.42	0.86	AAAAA
48480	550	6.41	0.76	TTTTT
156120	150	6.4	0	TATTT
29280	100	6.4	0	CCCGG
63480	400	6.4	0.69	TCTTT
101220	100	6.38	0	TTTTT
124440	100	6.38	0	TTTTT
151620	200	6.38	0	GGTTT
31320	200	6.38	0	TTTTT
170520	100	6.38	0	ACCCC
22320	600	6.37	0.82	TTTTT
171300	350	6.37	0.68	TTTTT
104160	500	6.36	0.81	TTTTT
48060	450	6.36	0.61	CCTCC
146340	600	6.36	0.3	TTTAG
28800	550	6.36	0.3	TTTTT
63840	150	6.35	0	TTTTC
183060	300	6.33	0.02	ACTTT
78000	500	6.33	0	TGGGG
74520	100	6.32	0	ATTTT
7380	400	6.32	0.05	GGAGG
155700	250	6.31	0	TTTTT
178080	550	6.31	0.62	TTTTT
72060	350	6.31	1.03	TTTTT
179640	550	6.3	0.59	AAAAA
195660	500	6.3	0.9	TTTTT
8820	100	6.29	0	GGCCC
16740	450	6.29	0	TCTTT
24360	250	6.28	0.16	TTTTT
25260	150	6.28	0	CCCCC
198060	150	6.28	0	GGGGG
155640	350	6.28	0.33	TTTTT
107400	100	6.28	0	TTTTT
51180	200	6.27	0.67	GGGGG
77280	350	6.26	0	TTTTT
14520	600	6.26	0.56	TTTTT
141720	200	6.24	0	CCCCT
108660	350	6.24	0	GGAGG
48780	150	6.24	0	CTTTT
56340	600	6.23	0	AAAAA
139200	350	6.22	0.51	TTTTT
78060	450	6.21	0	GTGTG
30720	450	6.21	0.55	TTTTT
73500	100	6.18	0	TTTTT
169620	350	6.17	0.87	TTTTT
169740	200	6.17	0	TTTTT
50400	150	6.16	0	CCCCC
60420	600	6.16	0.71	TTTTT
144240	300	6.16	0	GCTGG
133500	150	6.15	0	TTCTT
7140	600	6.14	0.41	GGGGG
150660	100	6.13	0	GTTTG
141960	100	6.12	0	TTTTC
126480	600	6.12	0.82	TGCTT
183000	550	6.12	0.53	TTTCC
108840	600	6.11	0.4	TTTTT
104700	500	6.1	0.39	TTTTT
182940	350	6.1	0.37	TTTTT
195360	150	6.09	0	TATAT
57660	600	6.09	0	CCCCC
143340	300	6.07	0	GGGGG
118140	250	6.06	0	GGGGG
175080	250	6.06	0	TTTTT
155520	550	6.04	0.61	TTTTT
139140	300	6.04	0	AAAAA
71040	100	6.04	0	GGGGG
47940	100	6.04	0	GGGGG
110400	550	6.03	0.67	TTTTT
176400	600	6.03	0.98	TTTTT
191460	400	6.03	0.78	TTTTT
45360	300	6.03	0.92	TTTTT
138540	400	6.02	0.81	TTTTT
56880	600	6.02	0	CCCCC
40860	550	6.02	0.51	TTTTT
112020	150	6.02	0	GGGAG
118200	150	6.01	0	GGGGG
29100	600	6.01	0.89	TTTTT
110700	300	6.01	0	TTTTT
185400	550	6	0.83	CTCTT
133260	250	6	0.95	TTTTT
140580	500	6	0.13	GTGTG
166740	250	5.99	0	TTTTT
143280	300	5.98	0.14	GGGGG
157320	500	5.98	0.86	TCTCT
39060	150	5.98	0	ATTTT
77100	600	5.98	1.33	TTTTT
58020	350	5.97	0	CCCCC
41760	550	5.95	0.76	TTTTT
24060	600	5.95	0.44	TTTTT
17280	150	5.95	0	TTAAT
161040	250	5.95	0.25	GGGGG
110520	550	5.92	0.97	TTTTT
25200	250	5.91	0.64	CCCCC
153540	100	5.91	0	ATTTT
19680	150	5.91	0	TGGGG
188700	500	5.89	0	ATTTT
150240	150	5.88	0	GCAGG
167940	250	5.88	0	GGGAG
106800	350	5.88	0.39	TTTTT
166620	400	5.87	0	TTTTT
6840	300	5.87	0.92	TTTTT
21780	550	5.87	0.74	AAAAA
66840	600	5.87	1.22	CCCCC
117720	200	5.86	0	TTTTT
169380	100	5.86	0	GGGGG
57900	450	5.86	0	CACAC
69660	100	5.84	0	TTTTT
17160	600	5.83	0.73	TTAAG
66900	600	5.82	0	CACCC
129000	100	5.81	0	CCCCC
121980	250	5.81	0.79	TTTTT
57180	600	5.8	0	ACCCC
4740	450	5.8	1.14	AAAAA
45240	400	5.79	0.85	TTATT
182880	550	5.79	0.61	TTTTT
25980	500	5.79	0.83	TTTTT
106740	200	5.78	0	GGGGG
112080	100	5.78	0	GGGGG
105240	350	5.77	0.37	TTTTT
171600	250	5.77	0	TTTTT
129060	100	5.76	0	CTTCC
48540	600	5.75	1.28	TTTTT
178260	250	5.75	0.31	TTTTT
22560	500	5.75	0.16	TCTTT
132900	550	5.73	1.15	TTTTT
67860	400	5.73	0.68	TTTTT
17400	200	5.72	0	AGTGG
18660	450	5.71	0.56	GGGGA
183780	550	5.71	0.9	AAAAA
155820	400	5.71	0	TTTTT
37560	350	5.71	0	GGAAG
175200	150	5.71	0	TTTTT
179580	550	5.7	0.7	AAAAA
19560	400	5.7	0	TTCTG
42120	200	5.7	0.5	CCCGC
110460	500	5.69	0.76	TTTTT
89160	100	5.69	0	GGGAG
32040	350	5.69	1.2	TTTTT
48600	550	5.68	1.36	TTTTT
182040	550	5.68	1	TTTTT
163260	100	5.68	0	GAGGG
17340	150	5.68	0	TTTTT
19380	600	5.68	0.72	GGGGG
139440	100	5.67	0	TATAT
36960	350	5.67	0.96	GGCGG
134280	600	5.67	0.85	TTTTT
189660	350	5.67	1	ATTTT
189720	550	5.66	0.75	TTTTT
191820	400	5.65	0.8	AAAAA
170700	500	5.65	0	ATTTT
161520	150	5.64	0.33	GGGGG
72180	250	5.64	0	ATTTT
81780	150	5.61	0	CCCCC
18720	450	5.6	0.85	GGGGG
169560	400	5.6	1.01	TTTTT
128880	100	5.6	0	TTGTT
57840	450	5.59	0	CCAAC
70560	250	5.59	0	TTTTT
19800	200	5.59	0.64	ATGTG
92100	600	5.59	0	TTATT
91680	350	5.59	0	TTTAT
150060	250	5.59	0.23	GGGGG
77220	500	5.58	0.98	TTTTT
16680	450	5.58	0.9	TTTTT
83040	350	5.57	0.1	AAAAA
63000	600	5.57	0.8	AAAAA
70740	100	5.57	0	TCTCT
10920	250	5.56	0	TTTTT
27120	300	5.56	0.53	GGGGG
153180	550	5.54	0.43	TTTTT
32640	200	5.54	0	TTTTT
49440	150	5.54	0	CCCCC
195180	250	5.53	0	TTTTT
143880	600	5.52	0.45	TGGGG
169680	250	5.51	0.94	TTTTT
186660	100	5.5	0	GTCGG
150000	550	5.5	0.75	GGGGA
189420	100	5.49	0	GGGGC
57600	550	5.49	0	CCCCC
106140	250	5.49	0.66	GGGGG
194400	550	5.49	0.55	TTTTT
52740	100	5.48	0	CCCCC
61140	150	5.48	0	CTCCC
143220	450	5.46	0.11	GGGGG
185040	300	5.46	0	CCCCC
189480	500	5.46	0.95	TTTTT
164580	100	5.46	0	CCTTG
176520	550	5.45	0.85	TTTTT
126960	100	5.45	0	CCTCC
84960	100	5.44	0	CTTCT
64860	100	5.44	0	TTTTC
102540	150	5.44	0	TTTTT
162540	450	5.43	0.85	AAAAA
63240	600	5.43	0.56	AGGGG
151980	150	5.43	0	GAGGG
4020	100	5.43	0	TCTCT
17520	450	5.42	0.98	TTTTT
129180	400	5.42	0.84	AAAAA
83100	450	5.42	0.69	AAAAA
61620	100	5.4	0	TTTTT
82260	300	5.4	0.49	CCCCC
74880	100	5.39	0	TTTTC
106440	100	5.39	0	GTGGG
104100	450	5.39	0.68	TTTTT
171000	600	5.38	0	TTTTA
153720	150	5.38	0	TTTTT
178980	600	5.38	0	AAAAA
70320	450	5.36	0.09	TTTTC
120240	300	5.36	0.29	TTTTT
37620	400	5.35	1.1	AGGGG
123780	150	5.35	0	GGAGG
162900	600	5.32	0.86	AAAAA
41400	500	5.3	0.49	TTTTT
68940	200	5.3	0	TCTTT
57960	450	5.3	0	CCCCC
195120	350	5.29	1.1	TTTTT
11280	600	5.29	0.76	TTTTT
162120	250	5.29	0.25	GGGGG
82620	450	5.28	0.63	CCCCC
157620	250	5.28	0	ATTTT
41580	350	5.28	0.44	TTTTT
84240	600	5.28	0.79	TTTTT
143760	500	5.27	0.7	GGGGG
181920	500	5.27	0.62	AAAAA
112500	600	5.26	0.94	TTTTT
21720	100	5.26	0	TTTGG
140160	100	5.25	0	TTTTT
106380	150	5.25	0	GTGGG
57720	550	5.23	0	ACCAC
42000	250	5.23	0	TGGTG
164340	300	5.21	0.38	TTTTT
9420	150	5.19	0	ATTTT
107640	100	5.19	0	GTTGG
112320	400	5.19	0.97	AAAAA
44520	350	5.19	0	AAAAA
18960	150	5.18	0	AGGGG
129300	550	5.18	1.1	TTTTT
42060	300	5.17	0	CCGTT
64800	150	5.16	0	CCTTT
106860	300	5.16	0.17	TTTTT
189120	100	5.15	0	GGTGG
170280	150	5.15	0	TGTGT
39120	150	5.15	0	TTTTT
157020	450	5.15	0.89	TTTTT
70200	550	5.14	0.83	GTTTT
53340	300	5.14	0.97	CCCCC
153480	300	5.13	0.56	TTTTT
115620	600	5.13	1.02	TTTTT
6360	100	5.13	0	TGATT
155580	450	5.13	0.7	TTTTT
179220	400	5.12	0	AAAAA
4980	350	5.12	1.08	TTTTT
174420	500	5.11	0.82	TTTTT
13260	200	5.11	0	ATTTT
107280	150	5.1	0	TATTT
58560	550	5.09	0	AAAAA
17460	550	5.09	0.95	TTTTT
196260	350	5.09	0.28	TTTTT
68160	100	5.09	0	CCTTT
52260	300	5.09	0.94	AAAAA
82800	200	5.08	0.62	CCCCC
30300	550	5.08	0.56	AAAAA
81420	150	5.07	0	TGTTT
193980	500	5.07	0.71	TTTTT
58680	450	5.07	0	AAAAA
162180	150	5.06	0	GGGGA
142980	550	5.06	1.07	AAAAA
139380	600	5.06	0.34	AAAAA
42780	600	5.06	0	AAAAA
189360	150	5.06	0	GGGGG
138480	300	5.04	0	TTTAT
44340	500	5.03	0.84	AAAAA
50760	550	5.03	0.11	AAAAA
10440	600	5.03	0.8	TTTTT
58200	450	5.02	0	AAAAA
150780	200	5.02	0	CATTC
159540	500	5	1.19	TATAT
167280	200	5	0	GGGGG
121260	200	5	0	TATTT
189780	200	4.98	0.65	TTTTT
84180	500	4.97	0.74	AAGAA
6240	300	4.97	0.73	TTTTT
157500	100	4.97	0	CCCCC
191700	150	4.96	0	TTTTT
140460	550	4.96	0.76	TTTTT
23820	300	4.96	0.14	TTTTT
26820	100	4.95	0	TTTTT
152160	150	4.95	0	GTGTG
49380	150	4.91	0	ACCCC
75360	200	4.91	0.86	TTTTT
133980	250	4.9	0	TGTTT
78540	150	4.88	0	TTTTT
122820	100	4.88	0	GAGAG
123900	100	4.88	0	GGGGG
160620	150	4.87	0	TATTT
75120	350	4.87	0.9	TTTTT
21300	500	4.87	0.97	TTTTT
117420	200	4.86	0	CCCCC
70380	450	4.85	0.86	TTTTG
179280	300	4.85	0	AAAAA
115680	550	4.84	0.92	TTTTT
19200	300	4.84	0	AAAAA
183600	200	4.83	0	TTTTT
161640	100	4.82	0	GGGGG
42180	150	4.82	0	CTCTC
19140	350	4.82	0	AAAAA
72600	500	4.81	0.31	TTGTT
133800	200	4.78	0	TATTT
194760	200	4.78	0	TTTTT
71220	600	4.78	0.61	TTTTT
121380	100	4.78	0	ATTTT
180900	100	4.78	0	CCTCT
122160	100	4.78	0	ATTTT
29160	550	4.77	0.9	TTTTA
63420	200	4.77	0	GGGGG
117900	150	4.75	0	TGTTT
112560	550	4.75	0.74	TTATT
189840	100	4.75	0	TTTTT
126900	150	4.74	0.25	CCCTT
18300	450	4.74	1.15	AAAAA
56460	500	4.74	0	AAAAA
162060	300	4.74	0.25	GGGGG
108600	450	4.73	0.95	GTGTG
156600	450	4.73	1.06	TTTTT
156720	550	4.72	1.13	TTTTT
6660	400	4.72	0.89	TTTTT
130440	150	4.72	0	ATTTT
118260	100	4.72	0	GGAGG
30840	400	4.71	0.21	TTTTT
70260	500	4.71	0	TTTTT
17640	300	4.68	0.86	TTTTT
141840	250	4.68	0	TTTTT
106620	400	4.67	0.77	GGGGT
38040	200	4.66	0.22	AAAAA
73620	450	4.66	0.54	TTTTT
112380	400	4.66	0	AAAAA
82440	200	4.66	0.87	GGGGG
23040	100	4.65	0	CTCCC
117240	200	4.65	0.85	TTTTT
167700	100	4.65	0	TTTTT
89580	200	4.65	0	GGGGG
179100	450	4.64	0	AAAAA
48300	200	4.64	0	CTCCC
69480	600	4.64	0	AAATT
18360	350	4.63	1.18	AAAAA
31020	200	4.63	0	ATTTT
31800	100	4.62	0	TTCTT
108420	250	4.62	0	TTTTA
173520	100	4.61	0	TTTTT
170460	550	4.61	1.4	TTTTT
90360	600	4.61	0.65	GAGAG
41520	600	4.59	0.72	TATTT
143940	250	4.59	0.33	TTTTT
19440	500	4.59	1.28	GGATG
27000	100	4.59	0	TTTTT
18120	400	4.59	0.88	GGAGG
25560	600	4.58	0	CCAGC
142620	350	4.58	0	TTTTT
149640	200	4.58	0.47	GGGAA
197940	200	4.58	0	AAAAA
112440	400	4.58	0.24	AAAAA
60900	100	4.57	0	TTTTT
150180	250	4.56	0	GGAGA
49200	150	4.56	0	CTTTC
60240	500	4.56	0.44	TTTTT
29340	100	4.56	0	ACCCC
189540	400	4.55	1.44	ATTTT
126840	200	4.54	0	GGCCG
140400	100	4.54	0	TCTTT
177900	550	4.52	0.49	ATTTT
55320	100	4.51	0	GGGGG
121920	100	4.51	0	CCCCC
32880	300	4.51	0.79	GGGGG
174960	400	4.51	0.42	TTTTT
124500	100	4.5	0	TTTTT
6300	550	4.5	0.73	TTTTT
75180	100	4.5	0	TTTTT
159720	200	4.5	0	TTTTT
11040	150	4.5	0	TTTTT
66780	600	4.49	1.22	CCCCA
71820	200	4.49	0	GGGGA
24180	450	4.49	0.75	TTTTT
58320	200	4.48	0	CCCCC
121140	350	4.48	0.89	TTTTT
179160	300	4.48	0	AAAAA
193020	150	4.48	0	CCACA
104220	300	4.47	0.6	TTTTT
82380	550	4.47	0.67	CACCC
128280	100	4.47	0	ATTTT
170340	400	4.46	0	CTTGC
164280	200	4.46	0.97	ATATA
115740	600	4.45	1.1	TTTTT
19500	450	4.45	0.73	GGGGG
155940	100	4.44	0	TTTTT
113280	450	4.44	0.02	AAAAA
19620	200	4.44	0	GAGAG
129360	450	4.43	1.05	TTTTT
40980	600	4.43	0.71	TTTTT
171060	550	4.42	0.78	TTTTT
24000	600	4.42	0.66	TTTTT
4800	600	4.41	1.59	AAAAA
117960	250	4.41	0.27	AAAAA
87060	100	4.4	0	AAAAA
130200	150	4.4	0	AGGGG
125520	150	4.4	0	GGGGT
180180	150	4.4	0.37	TTTTT
153420	500	4.38	0.52	TTTTT
70980	150	4.38	0	GGAGG
165660	500	4.37	0.29	AAAAA
164520	100	4.37	0	TTGTT
105720	200	4.37	0.25	TTTTT
63300	350	4.37	0.38	GGGGG
166200	100	4.36	0	TCCCT
6900	150	4.36	0	TTGTT
179340	250	4.35	0	AAAAA
145320	500	4.34	0.82	TTCTT
37920	200	4.34	0	TTTTT
63060	400	4.34	0.73	AAAAA
151920	100	4.33	0	TTTTT
23400	250	4.32	0	TTCTT
56700	600	4.32	0.97	CCCCC
37380	550	4.32	0.62	AAGGG
190980	100	4.32	0	TATTA
107460	300	4.32	0.54	CTTTC
121200	200	4.31	0.67	TTTTT
199320	500	4.31	1.41	CCCCC
139080	200	4.31	0	AAAAA
64140	450	4.31	0.81	TTTTT
56640	450	4.3	0	AAAAA
146940	400	4.3	0.22	GGGGG
51300	100	4.3	0	CGGGG
181800	550	4.3	0.97	AAAAA
199080	600	4.28	0	AAAAA
3480	600	4.27	0.96	AAAAA
178860	500	4.26	0.95	AAAAA
141660	400	4.26	0.47	TTTTT
69060	350	4.25	0.63	AAAAA
101460	550	4.25	1.19	TTTTT
81480	150	4.25	0	TATAT
48360	600	4.24	0.8	CCCTT
40320	100	4.24	0	GAGTG
75000	250	4.23	0.33	TTTTT
25800	450	4.22	0.62	CTCCC
19080	350	4.22	0	AAAAA
117300	300	4.21	0	CTTCT
140280	250	4.2	0.47	CCCCT
14460	600	4.2	0.58	TTTTT
127080	600	4.19	1.2	AAAAA
82980	450	4.18	0.24	AAAAA
30420	400	4.18	0.53	ATTTT
183420	300	4.18	0.68	CCCCC
71280	500	4.17	0.59	TTTTT
167220	300	4.17	0.41	GGGGG
192900	600	4.17	0.72	CCTTT
29400	400	4.16	0.75	TTTTT
150900	100	4.16	0	TTTCC
131460	150	4.16	0	TTTTT
89520	300	4.16	0.35	GGGGG
168000	100	4.15	0	GGGGA
139500	300	4.14	0.62	AAAAA
72000	450	4.14	0.7	TATTT
23520	150	4.13	0	TTTTT
71760	250	4.13	0	GGGAG
18900	200	4.11	0	GGGGG
191340	450	4.11	0.48	TTTTT
40800	600	4.1	0.65	TTTTT
170040	250	4.1	1.22	CCCCC
150300	500	4.09	0	TGAGT
113520	350	4.09	0.74	AAAAA
153120	250	4.09	0.5	AAAAA
84300	550	4.07	0.93	TTTTT
68640	500	4.07	0	TATTT
183480	300	4.07	0	TTTTA
128520	600	4.07	0.98	AAAAA
52140	100	4.06	0	GAGGG
182820	250	4.06	0.1	AAAAA
165540	150	4.06	0	GCTCC
16080	450	4.05	0.94	GAGGG
100200	250	4.04	0.4	TTTTT
69180	200	4.04	0	AAAAA
4560	300	4.03	0.11	AAAAA
43680	100	4.02	0	TTTTT
184920	350	4.01	0.25	CCCCC
46260	550	4.01	0.81	GAAGG
60960	450	4.01	0.89	TTCTT
1920	600	4	1.04	AAAAA
21960	600	4	0.87	AAAAA
183720	350	4	0.84	AAAAA
129720	450	3.99	0.85	TTTTT
55380	100	3.98	0	AGTGG
120300	550	3.98	0.65	TTTTT
130500	150	3.97	0	GTGTC
39300	100	3.97	0	CTCCC
30120	600	3.96	1.13	AAAAA
18180	350	3.96	0	GAGAG
71580	300	3.96	1.02	TTTTT
34020	400	3.95	0.69	AAAAA
111600	150	3.95	0	TTATT
74940	400	3.95	0.35	TTTTT
134340	350	3.94	0	AAAAT
130980	150	3.94	0	AAAAT
23100	100	3.94	0	TTTAT
57780	350	3.93	0	CCCCC
69600	400	3.93	0	AAATT
48120	100	3.93	0	GGGGG
191220	100	3.93	0	TTTTT
37680	600	3.92	1.06	AAAAA
158100	600	3.91	0.61	AAAAA
106320	200	3.91	0	GGGAG
175260	350	3.91	0	TTTAT
15960	250	3.91	0	TATTT
16500	350	3.9	0.87	AAAAA
186780	450	3.9	0.96	TTTTT
121860	500	3.9	1.33	TTTTT
68520	600	3.9	0.63	TTTTT
163440	550	3.89	0.36	AAAAA
163140	550	3.89	0.95	AAAAA
170100	100	3.89	0	ACCCA
31860	100	3.88	0	TTTTT
32520	300	3.88	0	AAAAA
58800	400	3.88	0.79	AAAAA
72540	550	3.88	0.38	TTTTT
14100	400	3.87	0.42	TTATT
177960	400	3.86	0.26	TTTTT
60840	150	3.86	0	TTTTT
128940	100	3.85	0	GGGGG
159180	550	3.85	0.7	AAAAA
175500	200	3.85	0	TTTTT
44460	500	3.85	0	AAAAA
145980	150	3.85	0	TTTTG
6480	600	3.84	0.62	TTTTT
196320	250	3.83	0.09	TTTTT
71340	200	3.83	0.43	TTTTT
82860	550	3.83	0.49	AAAAA
69240	600	3.83	1.04	TTTTT
129960	100	3.83	0	TTTTT
6120	150	3.82	0	ATTAT
180300	550	3.82	1.55	TAAAA
162480	450	3.81	0.67	AAAAA
100500	600	3.81	0.39	TTTTT
160260	100	3.8	0	TTTTT
18420	350	3.8	1.11	AAAAA
18240	400	3.79	0.44	AAAAA
170760	450	3.79	1.05	TTTTT
4860	550	3.79	0.96	TTTTT
31560	350	3.78	0	TATTT
43620	150	3.78	0	TTTAT
111660	100	3.78	0	CACTC
199140	550	3.78	0	AAAAA
128700	100	3.77	0	TTTAT
67920	350	3.77	0	TCTTC
111780	400	3.76	0.6	GGGAG
64740	200	3.76	0.2	TTTTT
175140	150	3.76	0	TTTTT
168240	200	3.76	0	ATTTT
165480	200	3.75	0.79	CACAC
4440	500	3.74	0.69	AAAAA
158640	100	3.74	0	ATATT
30780	600	3.74	0.6	TTTTT
179460	600	3.73	0.21	AAAAA
168900	300	3.73	0.05	AAAAA
31500	450	3.73	0.93	TTTTT
82140	600	3.73	0.76	CCCAA
101160	150	3.72	0	ATTTT
198960	200	3.72	0	AAAAA
8640	400	3.71	1.22	AAAAA
156480	100	3.71	0	CGCCC
27900	100	3.68	0	GGCGG
151080	600	3.67	0	AGAGG
153660	100	3.67	0	TTTAT
123540	200	3.67	0	AAAAA
22200	100	3.67	0	GGGGG
23280	100	3.66	0	TTATT
71160	500	3.66	1.35	TAATT
72240	250	3.65	0	TATTT
179700	550	3.65	0.49	AAAAA
159840	200	3.65	0.89	TTTTT
82320	500	3.65	0.86	CCCCC
181980	600	3.63	0.91	TTTTT
21900	550	3.63	0.69	AAAAA
52080	400	3.63	0.46	AAAAA
76200	150	3.63	0	AAGGG
130320	200	3.63	0	ATTTT
179760	250	3.63	0	AAAAA
27420	200	3.63	0	AAAAA
31200	300	3.63	0	TTTTT
64380	300	3.61	0.64	TTTTT
128820	100	3.61	0	AAAAA
155880	150	3.6	0	TATAT
105660	550	3.59	0.4	AAAAA
167400	100	3.59	0	GGTGG
160680	200	3.58	0	TATTT
178920	350	3.58	0	AAAAA
168840	250	3.58	0	AAAAA
198720	550	3.56	0.34	AAAAA
143520	100	3.56	0	GGGAG
134400	500	3.56	1.12	TTTTT
117540	400	3.56	0.61	TTTTT
66420	100	3.56	0	GGGGG
159000	150	3.55	0	GGGGG
58740	300	3.55	0	AAAAA
158580	150	3.55	0	TTTTT
33840	200	3.55	0	TTTTT
159360	600	3.55	0	TTAAA
13320	150	3.54	0	TTCTT
166860	250	3.54	0	TTATT
117780	250	3.53	0.1	TTTTT
24120	550	3.52	0.69	TATTT
115560	550	3.52	0.07	TTTTT
134220	300	3.51	0	AAAAA
50700	600	3.51	0	AAAAA
65280	100	3.51	0.07	GGGGG
56520	100	3.5	0	GGGGG
5280	500	3.49	0.51	TTTTT
56580	100	3.49	0	TTTTT
59880	150	3.49	0	TATTT
18840	350	3.49	0.38	GTGGG
192960	150	3.48	0	GTCAG
176460	600	3.48	0.89	TTTTT
107160	500	3.48	1.04	AAAAA
126180	100	3.47	0	GGGGG
74460	600	3.47	0.82	AAAAA
130920	500	3.46	0.39	AAAAA
83940	500	3.46	0.44	AAAAA
182700	150	3.46	0	GCGGG
16620	550	3.45	0.81	TTTTT
140520	600	3.44	0.68	GTTGG
130140	450	3.44	0	TCCTT
134040	550	3.44	0.79	AAAAA
68580	550	3.44	0.57	TTTTT
170580	150	3.43	0	CTAGC
51960	500	3.43	0.7	AAAAA
180420	600	3.43	0.9	TTTTC
159120	550	3.42	0.93	AAAAA
159960	500	3.41	0.69	AAAAA
68760	350	3.4	0.55	TTTTA
164160	450	3.4	0.62	AAAAA
44160	100	3.4	0	GGGTT
134100	450	3.39	0.7	AAAAA
71640	100	3.39	0	TTTTT
146040	150	3.38	0	TAGTT
23940	200	3.38	0	ATTTT
19260	550	3.38	0.62	GAGGG
118080	100	3.37	0	AAAAA
174240	600	3.37	0.81	AAAAA
20880	100	3.37	0	CCGCC
142080	450	3.37	0.74	TTTTT
79140	600	3.36	0	AAAAA
172440	450	3.36	0	AAAAA
75480	600	3.36	0.65	AAAAA
156420	150	3.35	0	CCCCC
129120	100	3.35	0	CGCCC
21060	600	3.34	1.08	TTTAA
106920	200	3.34	0	TTTTT
83160	350	3.34	0	AAAAA
59820	400	3.33	0.68	TTTTT
80400	600	3.33	0.81	GAGAG
60060	150	3.33	0	GGGTG
175620	300	3.32	0.87	AAAAA
31140	500	3.32	0.28	TTTTT
52560	550	3.32	1.18	AAAAA
150720	100	3.32	0	CTCTT
157800	450	3.32	0	AAAAA
55620	600	3.32	0.98	TATTT
160020	600	3.31	0.71	AAAAA
103140	500	3.31	0.29	TTTTT
164100	500	3.3	0.64	AAAAA
48960	250	3.3	0.8	AAAAA
52020	250	3.3	0.26	GAGAG
74280	200	3.3	0	TGTTT
74640	450	3.3	0	AAAAA
19320	500	3.29	0.94	GGAGG
52200	350	3.29	0.94	AAAAA
39420	200	3.28	0	AAAAA
4620	550	3.27	1.04	AAAAA
79620	100	3.26	0	AAAAA
154140	400	3.26	0	AAAAA
76980	100	3.26	0	ATTAT
167640	500	3.26	0.65	GAGGG
60120	600	3.25	1.11	ATTTT
30180	550	3.25	1.11	AAAAA
133920	200	3.25	0	TTTTT
191280	100	3.25	0	AATTT
2520	350	3.25	1.08	GTTTT
30060	550	3.24	1.03	AAAAA
68820	300	3.24	1.04	TTTTT
62280	150	3.23	0	GGGAG
160380	500	3.23	0.84	TTTTT
190920	200	3.23	0	CTTTT
62220	250	3.23	0	GGGAG
106080	550	3.22	0.87	AAAAA
104040	100	3.22	0	CGGGG
181860	300	3.22	0.97	AAAAA
11220	600	3.21	0.67	TTTTT
130020	550	3.21	0.6	TCTGT
127140	400	3.2	0	AAAAA
69540	200	3.2	0	TATTT
130080	500	3.2	0	ATTCT
140340	500	3.2	0.87	TTTTT
105780	150	3.2	0	TTGGT
175680	200	3.2	0	AAAAA
60780	200	3.2	0	AATTT
190140	150	3.2	0	GGGGG
38820	100	3.19	0	GGAGG
64020	150	3.19	0	AAAAA
162960	350	3.19	0.66	AAAAA
122280	100	3.18	0	AAAAA
68880	250	3.18	0.74	TTTTT
180360	350	3.18	1.41	AAAAA
82920	250	3.17	0	GCGGC
104580	600	3.17	0.33	TTTTT
11160	250	3.17	0.58	AAAAA
198240	150	3.17	0	AACCA
10320	600	3.17	1.18	TTTTT
121800	500	3.16	0.59	TTTTT
138960	550	3.16	1.01	AAAAA
179520	100	3.15	0	TATAT
63120	500	3.15	0	GGGAG
180240	500	3.14	1.58	AAAAA
82200	600	3.14	0.79	CCCCC
178560	400	3.13	1.46	AAAAA
114840	100	3.12	0	AAAAA
58920	550	3.12	0.2	ATTTT
62340	100	3.11	0	GGGGG
139020	400	3.11	0	AAAAA
64320	350	3.1	0.76	TTTTT
159660	350	3.1	0.92	ATTTT
176040	300	3.1	0	AAAAA
146160	450	3.1	0	AAGAA
132720	500	3.1	0	AAAAA
194460	400	3.09	0.34	TTTTT
32280	550	3.08	0	AAAAA
58860	450	3.08	1.24	AAAAA
113460	300	3.07	0	AAAAA
32100	250	3.07	1.14	TTTTT
74100	350	3.07	0.49	TTTTT
31920	500	3.06	0.88	AAAAA
146820	600	3.06	1.54	TTTTT
117480	100	3.05	0	CCCCC
53160	100	3.05	0	TTTTT
79200	550	3.05	0	AAAAA
128580	500	3.04	1.1	AAAAA
163020	300	3.04	0.51	AAAAA
113400	450	3.03	0.93	AAAAA
167340	400	3.03	0.95	AAAAA
178620	200	3.03	0	AAAAA
197880	300	3.02	0	AAAAA
49140	400	3.02	0.33	CCACC
100320	150	3.02	0	TTATT
198000	100	3.02	0	AAAAA
56220	600	3.01	0.85	AAAAA
9360	300	3.01	0	AAAAA
44700	550	3.01	1.73	AAAAA
28680	350	3	0	AAAAA
105360	150	3	0	TTTTT
159900	150	2.99	0	TTTTT
52440	150	2.99	0	GGGGG
22140	350	2.99	0	TATAT
44280	550	2.99	0.57	AAAAA
190680	100	2.98	0	GGCCC
179400	200	2.98	0	AAAAA
76260	200	2.97	0	AGGGT
172200	600	2.96	0.3	AAAAA
34080	600	2.96	0.6	AAAAA
28620	500	2.96	1.3	AAAAA
92040	450	2.96	0	TTATT
32400	600	2.95	0.22	AAAAA
199200	550	2.95	0	AAAAA
51060	350	2.95	0.41	GGGGA
191760	100	2.95	0	GGGCG
58080	200	2.95	0	AAAAA
149760	550	2.95	0.67	AGCAG
103920	200	2.95	0	GGGCG
146280	600	2.94	1.22	TTTTA
52500	350	2.94	1.09	AAAAA
59940	200	2.94	0.15	TTTTT
160080	550	2.94	0.77	AAAAA
55500	100	2.94	0	TTATA
143040	400	2.93	0.52	AAAAA
168780	300	2.93	0.8	AAAAA
27360	200	2.92	0	AAAAA
180780	600	2.92	0.98	CCCCC
163320	100	2.92	0	CCACC
183540	400	2.92	0.41	AAAAA
14220	400	2.92	0.58	TTTTA
74760	600	2.92	0.54	AAAAA
102780	100	2.92	0	CAGGG
158220	450	2.91	0	AAAAA
55140	100	2.91	0	TTTTT
179820	500	2.91	0.92	AAAAA
194880	100	2.9	0	TTTTT
156180	100	2.9	0	TTTTT
162780	600	2.9	0.87	AAAAA
150120	300	2.9	0	GAGGG
39480	100	2.9	0	AAAAA
9300	200	2.9	0	TTTAT
132660	100	2.89	0	GCGCA
89100	600	2.89	0.9	AAAAA
162600	400	2.89	1.2	AAAAA
163620	300	2.88	0.09	AAAAA
85080	300	2.88	0	AAAAA
53040	100	2.87	0	TTTTT
79320	500	2.87	0	AAAAA
130560	600	2.87	0.68	AAAAA
160440	550	2.86	0	ATTTT
186960	400	2.86	0.89	TTTTT
74160	100	2.85	0	AAAAA
21840	550	2.85	0.6	AAAAA
115020	200	2.84	0.47	TTTTT
129660	250	2.84	0	TTTTT
63960	250	2.84	0.17	AAAAA
13500	550	2.84	0.31	TTTTT
16440	300	2.83	0.89	AAAAA
104520	100	2.83	0	AAAAA
159420	550	2.82	0	AAATT
23160	300	2.82	0.9	AAAAA
153960	100	2.81	0	TTTTA
111720	450	2.81	0.96	GGGAG
113700	200	2.81	0.27	AAAAA
195420	600	2.81	0	ATTTT
52680	500	2.81	1.28	AAAAA
161760	450	2.8	0.78	AAAAA
131880	100	2.8	0	CCCCA
166380	150	2.8	0	TTTTA
18060	500	2.8	0.68	AAAAA
105420	150	2.8	0	ATTTG
42840	200	2.79	0	AAAAA
28440	250	2.79	1.01	AAAAA
149340	550	2.79	0.83	GAGAA
21120	500	2.79	0	AACTT
155460	600	2.79	0.89	TTTTT
111360	100	2.79	0	GCTGG
129840	250	2.78	0.05	TTTTT
186900	600	2.78	0.71	AAAAA
178440	550	2.77	1.25	AAAAA
38100	150	2.77	0	AAAAA
121620	200	2.77	0.64	TTTTT
16560	150	2.76	0	AAAAA
44580	400	2.76	0	AAAAA
6540	550	2.76	0.91	TTTAT
128760	600	2.76	1.5	AAAAA
106500	500	2.76	0.44	AGAGA
117840	200	2.75	0	TCTTT
69300	450	2.75	0.33	AATTT
10380	600	2.75	0.94	TTTAT
68700	450	2.75	0.84	TTTTT
129900	400	2.74	0.61	TTTTT
172140	600	2.74	0.14	AAAAA
150360	600	2.73	1.05	TTTTT
71520	250	2.73	0	TTTTT
66240	100	2.72	0	CTTTT
61680	550	2.71	0.47	AAAAA
128640	600	2.71	1.53	AAAAA
30660	100	2.71	0	TAGGT
169440	150	2.71	0	GGGGG
106020	500	2.71	0.83	AGAAA
34740	300	2.71	1.11	AAAAA
32760	300	2.71	0.43	AAAAA
190800	250	2.71	0	TTGTT
165720	350	2.71	0.5	AAAAA
85020	400	2.71	0	AAAAA
162840	500	2.7	0.96	AAAAA
28260	150	2.7	0	CAGCC
103080	350	2.7	0.28	AAAAA
141900	600	2.69	0.73	AATTT
122040	350	2.69	1.3	TTTTT
69120	500	2.68	0.54	AAAAA
2280	500	2.68	1.32	AAAAA
130260	250	2.68	0	TCTAA
128400	550	2.68	0.45	AAAAA
160920	500	2.67	0.45	AGAAA
79260	450	2.67	0	AAAAA
78480	300	2.67	0	ATATA
158160	200	2.67	0	AAAAA
167040	600	2.67	0.86	AAAAA
22020	250	2.67	0.49	AAAAA
44880	300	2.66	0.1	TTTTT
195480	550	2.66	1.11	TTTTT
166560	500	2.65	0	TTTTT
178380	500	2.65	1.28	AAAAA
23220	300	2.65	0.38	TATTA
27600	100	2.64	0	TTTAT
134160	250	2.64	1.02	AAAAA
163500	500	2.64	0.12	AAAAA
130860	600	2.64	0.59	AAAAA
3540	100	2.64	0	AAAAA
44640	600	2.64	1.77	AAAAA
171180	100	2.64	0	TTTTA
85140	500	2.63	0.51	AAAAA
154020	600	2.63	0	AAAAA
39000	600	2.63	0.88	AAAAA
82740	100	2.63	0	CCCCC
65820	100	2.62	0	AAAAA
2340	250	2.62	0.63	AAAAA
89820	250	2.62	0.39	AAAAA
89040	600	2.62	0.85	AAAAA
55260	400	2.62	0.37	AAAAA
152220	600	2.62	1.11	CTTTT
33960	150	2.62	0	CCCCC
32700	100	2.61	0	TTTAA
132600	600	2.61	0.72	AAAAA
123420	300	2.61	0	AAAAA
30600	600	2.61	0.63	TTTAT
172260	600	2.61	0	AAAAA
149880	450	2.61	0.85	GGGAA
30240	300	2.61	0	AAAAT
109500	150	2.6	0	GCAGG
113640	250	2.6	0.56	AAAAA
19920	200	2.6	0.1	TTTTT
8700	550	2.59	0.72	CAAAA
37980	250	2.58	0.54	AAAAA
196380	150	2.58	0	ATTTA
18480	500	2.57	0.96	AAAAA
126300	550	2.57	0.13	TTTAA
178500	350	2.57	1.3	AAAAA
30540	600	2.57	0.47	TTTTT
2460	150	2.56	0	GGGGA
107880	150	2.55	0	TTTTA
87480	300	2.55	0	AAAAA
9480	100	2.55	0	ATTTT
49020	300	2.55	0.49	TTTTT
89940	250	2.55	0	AAAAA
52620	400	2.55	1.06	AAAAA
49500	450	2.54	0.55	AAAAA
69420	300	2.54	0	TTTTA
163080	600	2.54	0.81	AAAAA
6960	250	2.54	0	AAAAA
28380	550	2.53	1.24	AAAAA
133560	400	2.52	1	AAAAA
79440	350	2.52	0	AAAAA
196200	150	2.52	0	AAAAT
133620	550	2.51	1.03	AAAAA
82680	500	2.51	0.48	CCCCC
25500	250	2.51	0	AAAGG
149700	600	2.5	0.85	GGGGG
40260	150	2.5	0	GGGGG
105600	600	2.5	0.44	AAAAA
28140	150	2.5	0.82	AGAGA
119940	100	2.49	0	AAAAA
80100	150	2.49	0	AAAAA
79380	400	2.49	0	AAAAA
140220	400	2.49	0.73	AAAAA
89340	500	2.48	1.01	AAAAA
108300	150	2.48	0	AGAGA
31260	600	2.48	0.56	AAAAA
89760	550	2.48	0.82	AAAAA
21540	300	2.48	0	TTTAT
191520	350	2.48	0	ATTTT
27060	600	2.48	1.07	AAAAA
162360	500	2.48	0.64	AAAAA
199020	550	2.47	0.85	AAAAA
160320	150	2.47	0	AAAAA
69840	150	2.47	0	AAGTT
154200	250	2.47	0	AAAAA
4680	500	2.47	1.23	AAAAA
32460	600	2.47	0.1	AAAAA
107220	450	2.47	0.6	AAAAA
129240	350	2.46	1.02	AAAAA
85200	100	2.45	0	AAAAA
81660	400	2.45	0.77	AACAA
83280	350	2.45	0	AAAAA
184980	550	2.45	0.91	CACCC
2220	350	2.45	1.06	AAAAA
65040	250	2.45	0	AAAAT
31980	500	2.45	0.76	AAAAA
27840	550	2.44	0.36	AGAGA
146100	150	2.44	0	GTTAG
4500	200	2.44	0	AAAAA
131760	100	2.43	0	GGGGG
174300	400	2.43	0.35	AAAAA
143700	200	2.43	0	CAGGG
23640	250	2.43	0	AAAGG
162300	450	2.42	0.89	AAAAA
23700	400	2.42	0.79	TTTTT
158280	450	2.42	0	AAAAA
107580	200	2.41	0	CTTTT
175440	250	2.41	0.56	TTTTT
17940	150	2.41	0	TTTTT
161400	350	2.4	0.19	AGAGA
197820	350	2.4	0	AAAAA
34200	500	2.4	0.48	AAAAA
111420	400	2.4	0	AGATT
80340	600	2.4	1.1	AAAAA
53100	600	2.39	0.07	TAAAA
28500	600	2.39	1.04	AAAAA
163200	350	2.38	0.55	AAAAA
27480	150	2.38	0.29	TTTTT
198180	150	2.37	0	CCCCC
179880	550	2.37	0.85	AAAAA
68340	100	2.37	0	GAGAG
191040	100	2.37	0	AAAAA
33900	250	2.37	0	CCCCC
196080	450	2.37	0	AAATT
111480	300	2.36	0.47	TTTTT
75300	600	2.36	0.18	AAAAA
83220	300	2.36	0	AAAAA
66600	150	2.36	0	TTTCT
30480	450	2.36	0.63	TTTTT
153900	600	2.36	0.56	AAAAA
105480	100	2.35	0	TTTTT
124380	200	2.35	0.5	TATTT
37320	600	2.35	1.51	GGGGG
126240	550	2.35	0.12	TTTTT
74580	500	2.34	0	AAAAA
44220	500	2.34	0.41	AAAAA
4260	150	2.34	0	TTTTT
100440	600	2.34	0.69	TTTTA
18600	300	2.34	0.91	AAAAA
102300	100	2.34	0	CCATC
23760	150	2.34	0	TCCTC
49080	200	2.34	0.31	TTTTT
172320	500	2.34	0	AAAAA
164940	200	2.33	0	AAAAA
156000	300	2.33	0	TTTTT
49800	600	2.32	0.7	AACAA
162660	250	2.32	0	AAAAA
156300	450	2.31	1.05	AAAAA
79500	300	2.31	0	AAAAA
167160	600	2.31	0.81	AAAAA
171840	100	2.31	0	TTTAT
48420	200	2.31	0.5	AAAAA
122640	100	2.3	0	GCGCG
8880	550	2.3	1.11	AAAAA
189180	450	2.3	0.2	GTGAG
168060	100	2.29	0	GGGGG
91500	400	2.29	0	AAAAA
3060	100	2.29	0	GAGAG
164220	200	2.29	0	AAAAA
39180	600	2.29	1.17	AAAAA
70140	600	2.29	0.73	TTTTG
91920	600	2.29	0	ATATT
74220	150	2.28	0	GGATT
120180	500	2.28	0.89	TTTTT
112140	250	2.28	0	GAGAG
112200	500	2.28	1.14	AAAAA
90300	600	2.28	0.27	GAGAG
7020	350	2.28	0	AAACA
108180	100	2.28	0	CGGGG
59640	150	2.27	0	AAAAA
34260	150	2.27	0.42	TTTTT
56400	300	2.27	0	AAAAA
61020	500	2.27	0.46	ATGAA
146220	250	2.26	0.69	AAAAA
79860	100	2.26	0	AAAAA
34380	100	2.26	0	CACCA
179940	150	2.26	0	AACAC
175800	250	2.26	0.05	AAATA
115140	100	2.25	0	TTATT
29700	100	2.25	0	TTTTT
131700	150	2.25	0	GAGGG
64920	350	2.24	0	AAAAT
59400	450	2.24	0.8	AAGAA
156060	200	2.24	0	TTTAT
138840	600	2.23	1.21	AAAAA
124020	100	2.23	0	ATTAT
62100	300	2.23	0	AGAAG
163380	400	2.22	0.51	AAAAA
189960	150	2.22	0	TATAT
4140	550	2.22	1.01	AAAAA
50940	350	2.22	0	AAAAA
119820	100	2.21	0	ATTTT
81540	500	2.21	1.14	AAAAA
103980	600	2.21	0.82	AAATT
2400	250	2.2	0.67	GGGGG
53280	450	2.2	0.44	CAACC
38880	300	2.2	0	ATATA
121740	500	2.2	0.54	TTTTT
64200	150	2.2	0	CGAGG
8580	100	2.19	0	GGGGG
123120	250	2.19	0	GGAAG
175020	150	2.19	0	TTTTA
28320	550	2.19	1.38	AAAAA
103200	150	2.18	0	AAAAA
107820	200	2.18	0	TTTAA
139260	300	2.18	0	TCTTA
155340	450	2.18	0	AAAAT
130620	400	2.17	0.58	AAAAA
81720	250	2.17	0	CCCCT
62040	450	2.16	0.97	GAGAG
175380	300	2.16	0.63	TTTTT
123960	250	2.16	0	TGTTT
25320	100	2.15	0	CTCCT
150840	100	2.15	0	ACCAT
65100	100	2.14	0	AAAAT
168720	100	2.14	0	AGGGG
3360	550	2.14	0	AAAAA
163740	500	2.13	0.25	AAAAA
89880	250	2.13	0.1	AAAAA
130800	450	2.13	0.63	AAAAA
114240	400	2.13	0.42	AAAAA
4380	550	2.12	0.77	AAAAA
82080	500	2.12	0	ACACA
160800	100	2.12	0	TTATT
141780	550	2.12	0.71	AAAAA
37200	500	2.12	0.8	GGGGG
149820	600	2.12	1.05	GAGGG
58260	450	2.11	0	CCCCC
108240	500	2.11	0.4	AAAAA
52320	250	2.11	0.85	AAAAA
50820	100	2.11	0	AAAAA
61260	450	2.1	0.52	GAGAA
102360	600	2.1	0.47	AAAAA
88800	450	2.1	0	AAAAA
198660	550	2.1	0.22	AAAAA
131340	250	2.1	0	ATTTT
169500	450	2.1	0.4	TTATT
131940	100	2.09	0	CCCAC
9600	550	2.09	1.15	CACAC
186840	550	2.09	0.71	TTTTT
38700	550	2.09	0.57	AAAAA
156540	450	2.09	0	ATCAT
75540	200	2.09	0.1	AAAAA
107100	550	2.09	0.52	TTTTT
138900	550	2.08	0.83	AAAAA
114480	500	2.08	0.57	AAAAA
89280	450	2.08	0.96	AAAAA
51240	400	2.08	1.04	AAAAA
100380	350	2.08	0	AAAAA
28560	550	2.08	1.36	AAAAA
52980	550	2.08	0.69	AAAAA
34800	350	2.07	0.96	AAAAA
23580	100	2.07	0	TTCTT
190080	100	2.07	0	TCTGT
130680	450	2.07	0.71	AAAAA
127200	300	2.06	0	AAAAA
149460	300	2.06	0	AGAAG
104640	500	2.06	1.03	ATTTA
172380	600	2.06	0	AAAAA
194940	400	2.06	0.67	AAAAA
43740	150	2.06	0	AAAAA
55440	250	2.05	0.63	AAAAA
131040	200	2.05	0	AAAAT
149940	450	2.05	0.64	GGGGG
105840	600	2.05	1.3	AAAAA
86580	150	2.05	0	AAAAA
74700	350	2.04	0	AAAAA
172500	350	2.04	0	AAAAA
9120	350	2.04	0.71	AAAAA
79980	300	2.04	0	AAAAA
143160	450	2.04	0.73	GGTGG
78900	600	2.03	0	AAAAA
159060	100	2.03	0	GAGGA
132780	600	2.03	1.16	AAAAA
61920	450	2.03	0.46	AAAAA
89400	300	2.03	0	AAAAA
159300	350	2.03	0	TAAAA
83340	200	2.02	0	AAAAA
77040	500	2.02	0.72	AAAAA
84060	500	2.02	0.65	AAAAA
161220	500	2.02	0.84	GGAAG
72420	450	2.02	0.74	AAATA
9240	550	2.01	0.91	AAAAA
59460	350	2.01	0.78	AAGAA
9540	550	2.01	0.99	AAGAA
91560	500	2.01	0.94	AAAAA
86940	450	2	0.54	AAAAA
34140	100	2	0	TTATT
6420	550	2	1.07	TTTTA
68460	550	2	0	AAAAT
74400	500	1.99	0.78	AAAAA
53220	300	1.99	0	AAAAA
26940	250	1.99	0	TTTAT
175560	500	1.99	0.9	AAAAA
64980	200	1.99	0	TTAAA
114960	250	1.99	0	ATTAT
69780	250	1.98	0	ATGAG
87600	100	1.98	0	AAAAA
34500	100	1.98	0	AAAAA
177360	350	1.98	0.65	AAAAA
123180	550	1.97	0	AAAAA
105900	300	1.97	0	AAAAA
195720	350	1.97	0	AATTT
169920	550	1.97	0	TCATC
65160	600	1.96	0.92	AAAAA
49260	100	1.96	0	CCTCT
111840	350	1.96	0	GAGAG
76800	100	1.96	0	ATATA
113940	100	1.96	0	AATTT
160200	250	1.96	0	AAAAA
189240	400	1.96	0.48	GGGGG
198780	450	1.95	0.9	AAAAA
30000	500	1.95	0.83	AAAAA
175740	300	1.95	0	AATAA
20280	100	1.95	0	CACAC
113880	100	1.95	0	AATTA
42480	550	1.95	0.91	AAAAA
83880	600	1.95	0.55	AAAAA
108360	500	1.95	0.47	AAAAA
85380	150	1.95	0	AAAAA
154440	100	1.94	0	AAAAA
9180	150	1.94	0	CAAAA
169980	500	1.94	1.04	AACCC
61800	250	1.94	0	AAAAA
163680	550	1.94	0.06	AAAAA
158340	500	1.94	0.72	AAAAA
79680	600	1.94	0	AAAAA
75720	400	1.93	0.55	AAAAA
103020	550	1.93	1.15	AAAAA
123360	400	1.93	0	AAAAA
113580	600	1.93	0.55	AAAAA
107520	200	1.92	0	TTGGG
64080	250	1.92	0	AGAGC
100260	200	1.92	0.04	TTTAT
123300	450	1.92	0	AAAAA
167580	500	1.92	0	AGGAG
132840	550	1.92	0	TAAAA
166980	100	1.92	0	AGCTA
50640	500	1.92	0	AAAAA
155220	250	1.92	0.91	AAAAA
27240	500	1.91	1.02	AAAAA
78960	300	1.91	0	AAAAA
60180	600	1.91	1.08	TATTT
165840	300	1.91	0.2	AAAAA
163920	350	1.91	0.32	AAAAA
161940	300	1.91	0.56	AAAAA
44040	600	1.91	0.74	AAAAA
152040	100	1.91	0	GGGAG
88740	100	1.9	0	GGGGG
8940	600	1.9	0.79	AAAAA
172020	400	1.9	0.31	AAAAA
132060	150	1.9	0.33	TTTTT
38940	600	1.9	0.91	AAAAA
190200	150	1.9	0	AAAAA
126000	100	1.9	0	CGCGC
74340	100	1.89	0	TGTTT
143100	400	1.89	0.38	AAAAA
111300	500	1.89	0	GATTA
40740	600	1.89	0.34	TTTTT
167100	500	1.89	0.98	AAAAA
66660	450	1.88	0.68	AAAAA
132420	600	1.88	0.88	AAAAA
124200	150	1.88	0	AAAAA
34320	450	1.88	0.78	AAAAA
151800	100	1.88	0	AAAAA
122220	350	1.87	0.82	AAAAA
165360	500	1.87	0.65	AAAAA
18540	450	1.87	0.95	AGAAA
114900	450	1.87	0	ATTTT
71460	550	1.87	0.82	GGAAA
159480	400	1.87	0	TTAAA
117360	550	1.86	1.11	ATAAA
89460	400	1.86	0.68	AAAAA
46080	100	1.86	0	AGAGA
166920	150	1.86	0	ATGCT
198600	450	1.85	0	AAAAA
85320	100	1.85	0	AAAAA
65400	450	1.85	0.61	AAAAA
165420	600	1.85	0.64	AAAAA
34620	500	1.85	1.3	AAAAA
7080	400	1.84	1.04	AGAAA
64440	400	1.84	0.5	AAAAA
42960	350	1.84	0	AAAAA
42720	550	1.84	0.56	AAAAA
183840	300	1.84	0.65	AAAAA
132540	600	1.84	0.92	AAAAA
176100	500	1.83	0.71	AAAAA
81600	600	1.83	1.18	CAAAA
91980	300	1.83	0.4	AAAAA
42600	150	1.83	0	AAAAA
79560	200	1.82	0	AAAAA
80160	150	1.82	0	AAAAA
2100	600	1.82	1.17	AAAAA
4320	300	1.82	0.31	AAAAA
2040	600	1.81	0.98	AAAAA
162720	500	1.81	0.53	AAAAA
76560	450	1.81	0.7	AAAAA
163800	600	1.81	0.6	AAAAA
55080	550	1.8	0.5	AAAAA
105960	550	1.8	1.16	AAAAA
38760	500	1.8	0.56	AAAAA
44400	400	1.8	0	AAAAA
149400	600	1.79	0.55	AAGAA
131160	200	1.79	0	AAAAA
177780	550	1.79	0.9	AAAAA
124860	200	1.79	0	AAAAA
197760	450	1.78	0	AAAAA
133740	150	1.78	0	AAAAA
132240	400	1.78	0.61	AGAAA
155280	150	1.78	0	GAGGG
88860	450	1.78	0.65	AAAAA
76140	150	1.78	0	AAAAA
82020	400	1.77	1.22	AAAAC
72360	100	1.77	0	TTTTT
151020	500	1.77	0.96	AAAAA
174360	150	1.77	0	AAAAA
55020	450	1.76	0.56	AAAAA
79020	600	1.76	0	AAAAA
149520	600	1.76	0.94	GGGAA
45660	150	1.75	0	TAAAA
157740	600	1.75	0	AAAAA
111060	200	1.75	0	AATTT
64500	450	1.75	0.68	TTTTT
151860	100	1.75	0	AAAAA
106980	150	1.75	0	TTTTT
114600	500	1.75	1.05	AAAAA
71940	500	1.75	1.11	TATAT
79920	350	1.74	0	AAAAA
155400	250	1.74	0	AAAAT
83460	150	1.74	0	AAAAA
28020	600	1.74	0.72	AAAAA
22080	550	1.74	0.48	AAAAA
164040	400	1.73	0.49	AAAAA
124140	350	1.73	1.16	AAAAA
102960	100	1.73	0	CTATA
42900	300	1.73	0	AAAAA
170400	100	1.72	0	ACAGA
122880	250	1.7	0	TAAAA
66720	600	1.7	0.88	CCCTA
175920	450	1.7	0.95	AAAAA
161880	350	1.7	0.69	AAAAA
158040	350	1.69	0	AAAAA
88500	500	1.69	0.51	AAAAA
198900	150	1.69	0	AAAAA
65760	150	1.69	0	AAAAA
115260	100	1.69	0	ATCTC
49560	450	1.69	0	AAAAA
160980	450	1.68	0	AGGAG
172080	550	1.68	0.75	AAAAA
157860	550	1.68	0	AAAAA
111540	250	1.68	0.55	TATTT
180000	550	1.68	1.04	AAAAA
4200	500	1.68	0.83	AAAAA
76860	500	1.68	0.56	AAAAA
132180	400	1.67	0.56	AAGAA
163980	550	1.67	0.67	AAAAA
87000	550	1.67	1.15	AAAAA
34440	300	1.66	0.72	AAAAA
165780	300	1.66	0.5	AAAAA
86340	550	1.66	0	AAAAA
190740	600	1.66	0.73	AAAAA
163560	550	1.65	0.24	AAAAA
127260	550	1.65	1.22	AAAAA
168660	600	1.65	0.72	AAAAA
76620	100	1.65	0	AAAAA
86820	350	1.65	0.42	AAAAA
20220	150	1.65	0	GGTTA
20400	550	1.64	0.16	GTGTG
138720	250	1.64	0.47	TTTTA
27300	300	1.64	0.9	AAAAA
154260	200	1.64	0	AAAAA
121680	550	1.63	0.08	AATTT
59700	600	1.63	0.8	AAAAA
15840	200	1.63	0	AAAAA
65340	500	1.63	0.98	AAAAA
102660	100	1.63	0	AAAAA
88680	550	1.62	0.17	AAAAA
124800	200	1.62	0	AAAAA
107760	150	1.62	0	AAAAA
50580	600	1.61	0	AAAAA
79080	550	1.6	0	AAAAA
51900	450	1.6	0.02	AAAAA
124260	100	1.6	0	AAAAA
160140	550	1.6	0.84	AAAAA
156360	300	1.6	0.94	AAAAA
20460	550	1.59	0	TGGGA
87300	400	1.59	0.63	AAAAA
122580	500	1.59	0.64	AAAAA
75420	150	1.59	0	TTTTT
157560	200	1.59	0	TATTT
70800	350	1.58	0	GGAGG
159600	150	1.57	0	AAAAA
123480	250	1.57	0	AAAAA
125340	200	1.57	0.27	AAAAA
167460	300	1.57	0.8	AAAAA
91620	400	1.57	0.93	AAAAA
161700	100	1.57	0	AAAAA
60000	350	1.57	0.16	AAAAA
85440	100	1.56	0	AAAAA
111240	450	1.56	0.97	AATTT
75600	150	1.56	0	AAAAA
45780	150	1.56	0	AAAAA
87420	400	1.56	0	AAAAA
157920	450	1.55	0	AAAAA
133680	350	1.55	0.4	AAAAA
88980	450	1.54	1.03	AAAAA
191160	100	1.54	0	AACAA
127320	150	1.53	0	AAAAA
87120	100	1.53	0	AAAAA
132360	350	1.53	1.39	GGGGG
88140	150	1.53	0	AAAAA
177840	550	1.53	0.77	ACAAA
66180	200	1.52	0	TCTTT
13380	200	1.52	0.64	AAAAA
14160	350	1.51	0	TTCTT
101280	600	1.51	1.09	TTTTT
3420	550	1.51	0.84	AAAAA
176280	450	1.51	0.7	AAAAA
108120	150	1.51	0	AATAA
150960	100	1.5	0	ACCAA
114540	100	1.5	0	AAAAA
161820	400	1.5	0.73	AAAAA
34560	500	1.48	1.18	AAAAA
153840	450	1.48	0.88	AAAAA
84000	550	1.48	0.01	AAGAA
168600	600	1.47	0.61	AAAAA
39900	450	1.47	0.07	AAAAA
65220	600	1.47	0.88	AAAAA
43560	150	1.47	0	ATTTT
130380	350	1.47	0	GTTGT
102720	600	1.46	0.91	AAAAA
180060	150	1.46	0	AAAAA
70860	400	1.46	0.74	GGAGG
122940	100	1.46	0	TTTTT
1980	600	1.45	0.96	AAAAA
132000	500	1.45	0.28	AAAAA
91440	200	1.45	0	AAAAA
161280	400	1.45	0.12	GAGAG
28740	150	1.45	0	AAAAA
44100	500	1.44	0.85	AAAAA
110940	500	1.44	0.4	AAAAT
46020	150	1.44	0	AAGGA
111180	350	1.44	1.16	AATTT
154680	400	1.43	0.89	AAAAA
166500	350	1.43	0.64	AAAAA
114360	600	1.43	0.66	AAAAA
115080	300	1.42	0	TTTAT
85860	350	1.42	0	AAAAA
6000	350	1.42	0.6	TTTTT
15900	150	1.42	0	AAAAA
154320	200	1.42	0	AAAAA
40380	350	1.42	0	AATAA
90000	150	1.42	0	AAAAA
156240	500	1.42	1.03	AAAAA
90240	600	1.41	0.95	AAAGA
52380	400	1.41	1.13	AAAAA
123600	450	1.41	0.65	AAAAG
166080	200	1.41	0.57	ACACA
165960	100	1.41	0	AAAAA
197700	500	1.41	0	AAAAA
44760	100	1.4	0	AAAAA
114120	150	1.4	0	AATAA
88920	550	1.4	1.37	AAAAA
28200	400	1.4	0.85	AAAAA
43140	200	1.4	0	AAAAA
49620	350	1.39	0	AAAAA
125400	150	1.39	0	AAAAA
69900	150	1.39	0	GGGGG
86400	350	1.38	0	AAAAA
131280	150	1.38	0	AAAAA
52920	600	1.38	0.46	TAAAA
66060	500	1.37	0.62	AAAAA
51000	550	1.37	0.87	AAAAA
155160	150	1.37	0	AAAAA
160740	250	1.37	0	TACAA
81900	100	1.37	0	AAAAA
128340	600	1.36	0.42	AAAAA
125460	250	1.36	0.74	AAAAA
3300	600	1.36	0	AAAAA
105300	500	1.35	0.49	AAATT
27720	550	1.35	0.3	AAAAA
102900	450	1.34	0.98	AAAAA
51480	100	1.33	0	AAAAA
124980	100	1.33	0	TTTTA
113340	250	1.33	0.47	AAAAA
86460	300	1.32	0	AAAAA
66300	350	1.32	0.94	AAAAA
198840	500	1.32	0	AAAAA
79800	400	1.32	0	AAAAA
180840	600	1.31	0.74	CACCC
108060	350	1.31	0.25	AAAAA
149580	250	1.31	0	AAAGA
64680	300	1.31	0.17	TTTTA
196440	200	1.31	0	TAATT
40560	250	1.3	0	ATAAA
106560	450	1.3	0.52	GAGAA
85980	300	1.29	0	AAAAA
40080	300	1.29	0	AAAAA
42660	500	1.29	0.45	AAAAA
122520	300	1.29	0	AAAAA
80040	200	1.29	0	AAAAA
190620	600	1.29	0.68	AAAAA
59760	400	1.29	0	ATTTT
70080	350	1.28	0	ACTTA
6180	150	1.28	0	TTATT
114300	600	1.28	0.63	AAAAA
78840	400	1.28	0.51	AAAAA
37260	600	1.28	1.05	AAAAA
132300	350	1.27	1.15	AAAAG
28080	100	1.27	0	ACCCA
50880	450	1.27	0.76	AAAAA
86520	150	1.27	0	AAAAA
29880	350	1.27	0.15	AAAAA
86700	500	1.27	0.33	AAAAA
3120	500	1.26	0.82	AAAAA
64620	550	1.26	0.97	TAATT
131220	200	1.26	0	AAAAA
2160	300	1.26	0.89	AAAAA
6060	400	1.26	0.99	TTATT
114420	150	1.26	0	AAAAA
86760	450	1.25	0.67	AAAAA
85260	600	1.24	0.99	AAAAA
42300	400	1.24	0.14	AAAAA
83400	100	1.24	0	AAAAG
43500	450	1.24	0.7	AAAAA
158880	600	1.23	1.07	AAAAA
50520	400	1.23	0	AAAAA
39360	200	1.23	0	AAAAA
125280	500	1.22	0.8	AAAAA
65520	600	1.22	0.82	AAAAA
162000	150	1.21	0	AATAA
71700	450	1.21	0.58	AAGGG
159240	500	1.21	0	AAAAT
20340	300	1.2	0	AAAAT
27780	450	1.2	0.26	AAAAA
18000	550	1.2	0	AGAAA
87540	250	1.2	0	AAAAA
61380	100	1.19	0	AGAGA
19980	500	1.19	0.89	AAAAA
75960	200	1.19	0	AGAAG
167520	350	1.19	0.59	AAAAA
175980	400	1.19	0.74	AAAAA
175860	550	1.19	0.71	AAAAA
76500	300	1.19	0.93	AAAAA
168540	600	1.19	0.47	AAAAA
49680	350	1.18	0	AAAAA
87840	350	1.18	0	AAAAA
42540	550	1.18	0.8	AAAAA
13440	150	1.18	0	AAAAA
64560	550	1.18	0	TAAAT
61320	100	1.18	0	CGGGA
158940	600	1.18	0.92	AAAAA
78660	200	1.17	0.51	AAAAA
86280	200	1.16	0	AAAAA
75660	250	1.16	0	AAAAT
115320	100	1.16	0	AAAAA
107700	350	1.16	1.05	AAAAA
88020	400	1.16	0	AAAAA
114000	500	1.16	1.04	AAAAA
165060	350	1.16	0	AGAAA
122700	100	1.15	0	AAAAA
163860	600	1.15	0.03	AAATA
78780	500	1.15	0.67	AAAAA
43800	600	1.15	0.82	AAAAA
83700	600	1.14	0.96	AAAAA
85800	300	1.14	0.02	AAAAA
165900	100	1.13	0	AAAAA
66540	500	1.13	0.68	AAAAA
154620	350	1.13	0.93	AAAAA
158400	300	1.12	0	AAAAA
121560	100	1.12	0	TATTT
61560	150	1.12	0	TTTTT
104460	400	1.12	0.63	TAAAA
68220	200	1.11	0	ATAAA
121500	350	1.11	0	TTTAA
177660	550	1.1	1.03	AAAAA
40020	100	1.1	0	AAAAA
86880	350	1.09	0	AAAAA
165000	150	1.09	0	AAAAA
100140	300	1.08	0	AATTT
20040	250	1.08	0.65	AAAAA
27960	200	1.08	0	GAAGA
108000	250	1.07	0	TATAT
66360	450	1.06	0.71	AATAA
29940	550	1.06	1.15	AAAAA
195000	150	1.06	0	AAAAA
126120	550	1.06	0.56	AAAAA
122460	100	1.06	0	GGGGG
110880	400	1.06	0	ATAAA
198300	150	1.05	0.45	AAAAA
196500	550	1.05	0.37	AAAAA
177240	100	1.05	0	GTAAG
87240	600	1.04	1	AAAAA
44820	550	1.04	1.13	TTTTG
39660	300	1.04	0	AAAAA
100080	150	1.04	0	AAAAA
138780	600	1.04	0.56	AAAAT
191400	150	1.04	0	GGAAA
107940	250	1.04	0	TAAAT
25380	250	1.03	0	CAAAA
49320	600	1.03	0.74	AAAAA
164820	350	1.02	0	AAAAA
171960	150	1.02	0	ATTTT
131100	450	1.01	0.6	AAAAA
190560	100	1.01	0	CCCCC
32820	100	1.01	0	AAAAA
76920	500	1.01	0.95	AAAAT
102600	300	1.01	0.95	AATTA
158460	350	1	0.5	AAAAA
65640	350	1	0	AAAAA
164880	200	1	0	AAAAA
64260	350	0.99	0.65	AAATA
39240	350	0.99	0.89	AAAAA
88620	600	0.99	0.19	AAAAA
71880	500	0.99	1.05	TTATT
86040	200	0.99	0	AAAAA
90180	150	0.98	0	AAAAA
34680	600	0.98	1.29	AAAAA
177720	600	0.97	1.01	AAAAA
157980	450	0.97	0	AAAAA
70020	500	0.97	0.92	AAAAA
122400	100	0.96	0	AAGGG
72480	250	0.96	0	AAAAA
78600	500	0.96	0.7	AAAAA
61980	250	0.95	0	AAATT
120120	500	0.95	0.67	AAAAA
119880	250	0.94	0	AAAAA
87780	100	0.94	0	ATAAA
69960	300	0.93	0.87	AAAAA
38580	600	0.93	0.37	AAAAA
32340	350	0.93	0	AAAAA
87960	300	0.92	0	AAAAA
154740	100	0.92	0	AAAAA
66120	250	0.91	0	TTATT
114780	250	0.91	0	AAAAA
61740	400	0.91	0.54	AAAAA
51780	350	0.91	0.06	AAAAA
88560	600	0.9	0.37	AAAAA
196140	400	0.9	0	TATTT
88080	350	0.9	0	AAAAA
51840	600	0.89	0.58	AAAAA
122340	150	0.89	0	GGAAG
39540	600	0.89	0	AAAAA
52800	550	0.89	1.18	AAAAA
154860	500	0.88	1.12	AAAAA
101400	550	0.88	1.23	ATTTA
68400	100	0.88	0	AAAGA
101340	400	0.88	1.17	AAAAA
75780	450	0.87	0.46	AAAAA
114720	200	0.87	0.5	AAAAA
76080	200	0.87	0	AAAAA
84120	450	0.87	0.4	ATGAT
88200	600	0.87	0.98	AAAAA
38160	100	0.87	0	AAAAA
40200	150	0.86	0	AAAAA
87360	450	0.86	0.78	AAAAA
123000	550	0.86	0.28	AAAAA
102480	250	0.85	0	AAAAA
86100	550	0.84	0	AAAAA
39840	350	0.84	0	AAAAA
51420	150	0.84	0	AAAAA
124320	450	0.83	0.86	AAAAA
115200	300	0.83	0	ATAAA
124740	400	0.82	0	AAAAA
168180	150	0.82	0	AATAA
131580	600	0.82	0.73	AAAAA
43380	600	0.82	0.55	AAAAA
190440	200	0.82	0	AACAA
165300	600	0.81	0.79	AAAAA
154800	550	0.81	0.81	AAAAA
52860	600	0.81	0.79	AAAAA
46140	100	0.81	0	AAAAA
154560	150	0.81	0	AAAAA
75840	200	0.81	0.18	AAAAA
190320	100	0.8	0	CAATA
85920	100	0.79	0	AAAAA
102840	550	0.79	0.93	AAAAA
20820	100	0.78	0	AAAAG
46200	600	0.78	0.78	GGCGG
40140	200	0.78	0	AAAAA
120060	550	0.78	0.61	AAAAA
114180	100	0.77	0	TTTAT
198540	100	0.77	0	GAAAG
154500	300	0.77	0	AAAAA
117600	600	0.77	0.86	AAAAA
50460	150	0.76	0	CCCCA
113760	150	0.75	0	AAAAA
80220	600	0.74	1.41	AAAAA
61860	300	0.74	0.6	AAAAA
65460	500	0.73	0.95	AAAAA
39960	400	0.73	0.24	AAAAA
61440	200	0.72	0	ACCCA
86160	500	0.72	0	AAAAA
76440	600	0.72	0.6	AAAAA
61500	100	0.72	0	AAACC
29820	100	0.72	0	ATAAA
166020	250	0.72	0	ATACC
40500	500	0.72	0.08	ATAAA
87660	150	0.72	0	AAAAA
114660	300	0.71	0.65	AAAAA
160860	100	0.71	0	CCAAC
121440	300	0.71	0	ATATA
120000	100	0.71	0	AAAAA
105540	500	0.71	0.78	AAAAA
124680	300	0.71	0	AAAAA
196560	400	0.7	0.62	AAAAA
131520	100	0.7	0	AAAAA
76380	100	0.69	0	TATAT
152100	550	0.68	1.44	AAAAA
51360	150	0.67	0	AAAAA
78720	600	0.67	0.7	AAAAA
124920	150	0.66	0	TAAAT
158520	300	0.66	0.23	AAAAA
75240	450	0.65	0.37	AAAAA
25440	250	0.65	0	AAAGA
65580	350	0.65	0	AAAAA
103860	600	0.64	0.57	AAAAA
166260	150	0.64	0.25	AAAAA
164700	450	0.63	0	AAAAA
42420	500	0.63	0.86	AAAAA
38640	550	0.63	0.59	AAAAA
55200	250	0.62	0	AGGGA
86220	500	0.61	0	AAAAA
65880	100	0.61	0	AAATA
85740	200	0.61	0	AAAAA
79740	600	0.61	0	AAAAA
86640	100	0.6	0	AAAAA
43260	250	0.6	0	AAAAA
166440	600	0.59	0.97	TAATA
177420	150	0.59	0	AAAAA
43080	500	0.58	0	AAAAA
45720	250	0.58	0	AAAAA
66480	550	0.58	0.93	AAAAA
43320	550	0.57	0.62	AAAAA
155100	600	0.57	0.71	AAAAA
143640	600	0.57	1.07	AGAGA
65940	600	0.57	0.57	AAAAA
76020	400	0.57	0.97	AAAAG
114060	500	0.57	0.85	AAAAA
154920	350	0.56	0	AAAAA
154380	600	0.56	0.96	AAAAA
164760	600	0.56	0.3	AAAAA
3180	100	0.55	0	AAAAA
83580	250	0.55	0	AAAAA
43980	600	0.55	0.67	AAAAA
123060	150	0.54	0	AAGAA
175320	100	0.53	0	TAAAT
125220	300	0.53	0.8	AAAAA
103800	250	0.53	0	CCAAA
191100	100	0.52	0	ACACC
88320	550	0.52	0	AAAAA
195060	100	0.52	0	AAAAA
118020	300	0.52	0	AAAAG
65700	250	0.51	0	AAAAA
154080	450	0.51	0	AAAAA
66000	550	0.5	0.63	AAAAA
176340	600	0.5	0.71	ATATT
2820	100	0.5	0	AAAAT
38520	600	0.47	0.39	AAAAA
126060	250	0.47	0	GAAGA
177480	550	0.47	0.49	AAAAA
168480	550	0.46	0.51	AAAAA
198480	400	0.46	0.2	AAAAA
88380	100	0.46	0	AAAAA
83760	600	0.46	0.82	AAAAA
75900	250	0.46	0.39	AAAAA
45900	250	0.44	0	AAAAA
3240	350	0.44	0.59	AAAAA
113820	600	0.44	1.01	AAAAA
29760	150	0.43	0	ATAAA
155040	300	0.42	0	AAAAA
80280	450	0.41	0.99	AAAAA
49740	250	0.41	0	AAAAA
43020	350	0.4	0	AAAAA
42360	450	0.4	0.85	AAAAA
190500	150	0.4	0	AATAT
124560	500	0.4	0	AAAAA
131400	300	0.4	0.22	AAAAA
39720	600	0.39	0.39	AAAAA
21000	500	0.39	0.39	AAAAA
190020	450	0.38	0.81	AAAAA
125040	500	0.36	0.91	AAAAA
85620	100	0.35	0	AAAAA
143580	600	0.34	1.37	AAAAA
166140	350	0.34	0.19	AAATA
132120	150	0.32	0	ATTAT
87900	250	0.32	0	AAAAA
111000	150	0.32	0	AAAAA
39780	100	0.31	0	AAAAA
166320	500	0.31	0.71	AAAAA
69720	450	0.29	0.6	AAGAA
87180	400	0.29	0.74	AAAAA
43860	200	0.28	0	AAAAA
40680	600	0.28	0.44	ATAAT
111120	150	0.28	0	AAAAA
88440	350	0.28	0	AAAAA
20160	300	0.28	0.55	AAAAA
122760	350	0.25	0.57	AAATA
43920	450	0.24	0.52	AAAAA
27660	400	0.24	0.4	AAAAA
83820	600	0.24	0	AAGAA
61080	350	0.23	1.28	AATTC
90060	200	0.19	0.95	AAAAA
177600	550	0.19	1.1	AAAAA
102420	300	0.19	0.63	AAAAA
198360	450	0.18	0.93	AAAAA
177540	600	0.18	1.14	AAAAA
43200	500	0.15	0.53	AAAAA
83520	300	0.15	0	AAAAA
45840	350	0.14	0.77	AAAAA
43440	350	0.14	0	AAATT
20100	350	0.14	0.9	AAAAA
115500	100	0.12	0	AAAAA
164640	500	0.12	0	AAAAA
190260	150	0.11	0	AAAAA
85500	450	0.11	0.43	AAAAA
125160	600	0.11	0.84	AAAAA
154980	500	0.09	0.93	AAAAA
90120	500	0.07	0.75	AAAAA
20940	350	0.07	0.7	ACAAA
88260	600	0.06	0	AAAAA
38280	200	0.06	0	AAAAA
81960	600	0.06	1.42	AAACA
38400	150	0.06	0	AAAAA
40440	250	0.04	0	AAATA
115440	550	0.03	0.4	AAAAA
165180	250	0.02	0	AAAAA
115380	100	-0.23	0.68	AAAAA
190380	100	-0.37	0	AAAAA
125100	100	-0.38	0	AAAAA
2940	100	-0.42	0	AAAAA
158760	100	-0.47	0	AAAGA
38220	100	-0.56	0	AAAAA
168360	100	-0.56	0	AAAAA
165240	100	-0.59	0	TGAAA
124620	100	-0.68	0	AAAAA
177300	100	-0.73	0	AATCA
2880	100	-0.78	0	AAATA
38340	100	-0.8	0	AAAAA
85680	100	-0.81	0	AAAAA
158700	100	-0.82	0	ATTAT
45960	100	-0.84	0	AAAAA
87720	100	-0.87	0	AAGAA
38460	100	-1.05	0	AAAAA
168420	100	-1.09	0	AAAAA
198420	100	-1.2	0	ATAAA
51540	100	-1.24	0	AAAAA
83640	100	-1.24	0	AAAAA
68280	100	-1.47	0.85	AAAAA
3000	100	-1.57	0	AAAAT
158820	100	-1.63	0	AAAAA
168120	100	-1.72	0	AAAAA
131640	100	-1.87	0	AATAT
39600	100	-1.89	0	AAAAA
85560	100	-1.91	0	AAAAA
51600	100	-2.07	0	AAAAA
51720	100	-2.1	0	AAACA
131820	100	-2.14	0	AGAAA
165120	100	-2.17	0	AAAGA
51660	100	-2.44	0	AAATA
