FTT v3.1.0.©2012  Global output for chr_NCBI36.txt:  3325 Patterns
Work Patterns mode: All possible
Pattern> Length: 5, Mismatches: 2, Shuffles: 20
Window> Start Length: 100, Stop Length: 600, Increment: 50, Shift: 60
Turbo OFF

Processor: Intel(R) Core(TM) i5-3210M CPU @ 2.50GHz 2,50 GHz
Total runtime: 00:11:40

Start	Len	F	CV	Pattern
————————————————————————————————
36600	200	632.96	0.41	CCCCC
36720	100	275.07	0	CCCCC
149220	150	233.77	0	TCCTT
36240	150	224.6	0	GGGGG
36660	150	219.83	0.33	CCCCC
36540	350	191.98	0.45	CCCCC
36480	300	167.56	0.2	CCCCC
187800	200	160.36	0	CCCGC
188220	300	156.33	0	CTTCG
35820	100	142.41	0	GGGGG
187980	600	132.68	0.33	CGTCT
187740	250	123	0	GTCCG
187920	350	121.35	0	CTCTC
188100	300	121.2	0.54	GGGGG
116160	100	120.76	0	CCCCC
187860	250	117.28	0	TCCCT
187680	150	114.48	0	CTGCG
149100	250	113	0	TTTTT
36300	600	106.45	0.45	CCCCC
188340	200	106.33	0	CCCCG
36360	450	102.37	0.41	CCCCC
188280	300	95.7	0	CCCCC
149160	250	95.48	0.64	CTTCT
36420	500	94.66	0.45	CCCCC
188040	350	91.8	0.57	GGGGG
36120	250	90.8	0	CCCGC
187500	450	90.6	0.29	TTCTT
187620	600	90.51	0	CGCTT
188160	400	83.13	0	CCCCT
187560	550	82.72	0	CCTTC
36180	550	76.34	0.35	CCCCC
187440	600	71.12	0	CCCCT
116880	100	70.97	0	CCGCC
35760	600	69.27	0.41	GGCGG
116520	600	69.01	0.34	CCCCC
181620	100	66.78	0	CCCCG
35940	400	65.2	0	CCCCC
95040	300	64.06	0	TTTTT
116640	350	63.52	0.2	CCCCC
116820	100	62.77	0	CCCGC
197040	600	62.25	0	GGGGG
81000	100	60.64	0	GGGGG
116580	550	60.08	0.34	CCCCC
94800	600	58.62	0	TTTTT
35880	500	57.73	0.53	CGCGC
116460	600	56.32	0.35	CCCCC
36000	400	56.27	0.81	CGCCC
197100	350	56.07	0	GGGGG
94920	600	54.09	0	TTTTT
94680	600	53.61	0	TTTTT
197160	550	53.53	0	GGGGG
97560	550	52.19	0	TTTTT
35640	600	51.82	0	CCCCC
95100	550	51.73	0	TTTTT
196920	550	50.06	0	GGGGG
94980	400	50.03	0	TTTTT
197280	550	50.01	0	GGGGG
94740	600	49.93	0	TTTTT
136860	600	49.49	0	TTTTT
96420	450	48.67	0	TTTTT
188460	150	48.41	0	TCCTC
94860	400	48.06	0	TTTTT
136800	550	47.56	0	TTTTT
96600	250	47.5	0	TTTTT
12840	450	47.38	0	TTTTT
94560	600	47.09	0.75	TTTTT
36060	600	46.86	0.87	CGCCC
149280	100	46.66	0	CTTTC
80880	400	46.23	0.62	GGGGG
196980	600	46.04	0	GGGGG
35700	300	45.82	1.11	GGGGG
93720	600	45.74	0	TTTTT
197220	500	45.12	0	GGGGG
119280	600	44.96	0.13	TTTTT
360	500	44.79	0.81	CCCCC
80940	200	44.76	0.49	GGGGG
95160	350	44.71	0	TTTTT
136620	550	44.63	0	TTTTT
840	450	44.58	0	CCCCC
95220	400	44.43	0	TTTTT
97740	600	44.26	0.23	TTTTT
137220	550	44.15	0	TTTTT
136920	600	44.05	0	TTTTT
116940	100	43.91	0	CCCCC
97500	600	43.89	1.36	TTTTT
96540	300	43.47	0	TTTTT
94620	600	43.46	0	TTTTT
93480	500	43.22	0	TTTTT
80760	600	43.09	0	GCCCG
93540	600	42.84	0	TTTTT
35400	300	42.83	0	CCCCC
118740	550	41.88	0	TTTTT
188400	150	41.7	0	GCGGT
116700	450	41.5	0.67	GGGGG
119040	550	41.43	0.36	TTTTT
137040	400	41.05	0	TTTTT
135900	100	40.98	0	TTTTT
182340	100	40.96	0	TTTTT
116760	250	40.35	0.2	CCCCC
197340	400	40.08	0	GGGGG
35520	550	39.77	0.33	CCCCG
196860	600	39.57	0	GGGGG
137100	600	39.49	0	TTTTT
60	450	39.41	0	CCCCC
116280	550	38.75	0	CCCCG
900	500	38.39	0	CGCCG
93420	400	38.19	0	TTTTT
35460	500	38.01	0.53	CGGCC
96660	100	37.98	0	TTTTT
116400	600	37.94	0.41	CCCCC
196800	600	37.63	0	GGGGG
93240	450	37.55	0	TTTTT
96300	600	37.51	0	TTTTT
93180	600	37.5	0	TTTTT
12720	500	37.3	0	TTTTT
148980	350	37.1	0	TTTTT
181380	500	37	0.55	GGGGG
12780	500	36.99	0	TTTTT
148800	600	36.79	0.22	TTTTT
120900	100	36.7	0	TTTTT
137160	350	36.7	0	TTTTT
960	350	36.56	0	CCCCC
780	500	36.56	0	CCCCC
96480	450	36.34	0	TTTTT
137280	550	36.34	0	TTTTT
140100	100	36.1	0	TTTTT
196740	600	36.01	0	GGGGG
116220	450	36	0	CCCCC
0	550	35.98	0	CCCCC
720	600	35.9	0	CCCCC
136560	600	35.83	0	TTTTT
93600	550	35.78	0	TTTTT
119460	100	35.72	0	TTTTT
116100	600	35.12	0	CCCCC
197400	300	34.88	0	GGGGG
93120	600	34.78	0	TTTTT
97620	600	34.78	0	TTTTT
94500	600	34.53	0.37	TTTTT
240	500	34.44	0.87	CCCCC
95460	600	34.42	0	TTTTT
149040	300	34.42	0	TTTTT
46740	500	34.4	0.69	GGGGG
93360	450	34.37	0	TTTTT
187380	500	34.33	0	CCTTC
97260	600	34.15	0.92	TTTTT
93300	500	34	0	TTTTT
136740	600	33.96	0	TTTTT
35340	400	33.82	0	CCCCC
13020	250	33.71	0	TTTTT
97680	400	33.69	0	TTTTT
120	550	33.63	0	CCCCC
136980	600	33.47	0	TTTTT
35580	450	33.45	1.11	GGGGG
97440	600	33.3	1.21	TTTTT
95520	500	33.26	0	TTTTT
140040	150	33.1	0	TTTTT
96360	550	33.07	0	TTTTT
148920	550	32.96	1.09	TTTTT
97800	450	32.82	0.11	TTTTT
37140	100	32.8	0	GGGGG
135180	550	32.63	0	TTTTT
148860	500	32.49	0.03	TTTTT
192540	100	32.49	0	TTTTT
80820	300	32.41	0.7	GGGGC
116040	600	32.33	0	CCCCC
182280	150	32.29	0	TTTCT
46680	550	32.26	0.79	GGGGG
11760	600	32.19	0.2	TTTTT
136680	600	31.96	0	TTTTT
136440	600	31.83	0	TTTTT
91320	100	31.75	0	CTCTT
1020	550	31.52	0.58	CGGGC
118980	600	31.47	0	TTTTT
116340	450	31.38	0	CCCCC
12660	600	31.35	0	TTTTT
135480	100	30.91	0	TTTTT
1080	250	30.89	0	CCCCC
97860	450	30.81	0.04	TTTTT
80700	600	30.79	0.67	GGGGG
135360	250	30.78	0	TTTTT
420	100	30.76	0	CCCCC
144960	100	30.61	0	TTTTT
35280	600	30.45	0	CCCCC
93780	300	30.45	0	TTTTT
119220	600	30.4	0	TTTTT
135840	450	30.39	1.24	TTTTT
118680	550	30.32	0.97	TTTTT
197460	250	30.16	0	GGGGG
1260	550	29.94	0.61	GGGGG
137340	500	29.75	0	TTTTT
118860	600	29.6	0	TTTTT
135240	450	29.58	0	TTTTT
96780	550	29.53	0	TTTTT
135420	600	29.42	0.79	TTTTT
92580	400	29.4	0	TTTTT
96840	500	29.3	0	TTTTT
180	500	29.29	0	CCCCC
93840	450	29.19	0	TTTTT
94140	600	29.15	0.57	TTTTT
95760	300	29.1	0	TTTTT
300	500	29.01	0.85	CCCCC
92640	550	28.89	0.56	TTTTT
96720	600	28.75	0	TTTTT
95280	600	28.72	0	TTTTT
93660	450	28.71	0	TTTTT
36780	200	28.66	0.33	CCCCC
135300	450	28.62	0	TTTTT
96180	500	28.59	0.47	TTTTT
136500	550	28.52	0	TTTTT
181320	350	28.28	0.46	GGGGG
181260	200	28.27	0.35	GCGGG
144840	200	28.21	0.26	TTTTT
96240	500	28.16	0	TTTTT
94260	600	28.15	0.64	TTTTT
144720	450	28.12	0.59	TTTTT
148680	600	28.08	0.29	TTTTT
119160	500	28.06	0.88	TTTTT
480	500	27.85	0.5	CCCCC
135120	550	27.84	0	TTTTT
13140	300	27.7	0.92	TTTTT
660	500	27.56	0	CCCCC
119400	500	27.56	0.08	TTTTT
600	450	27.54	0	CCCGG
94200	450	27.5	0.55	TTTTT
93000	600	27.47	0	TTTTT
118800	600	27.45	0	TTTTT
95400	450	27.32	0	TTTTT
144780	500	27.23	0.48	TTTTT
92520	450	27.17	1.14	TTTTT
12960	300	27.15	0	TTTTT
12540	600	27.09	0	TTTTT
95340	500	27.08	0	TTTTT
12240	300	27.06	0	TTTTT
540	450	26.92	0.5	CCCCC
197520	200	26.66	0	GGGGG
119100	600	26.42	0.59	TTTTT
5700	300	26.39	0.61	TCTTT
187320	600	26.34	0.32	CTTCT
95580	550	26.32	0	TTTTT
137400	200	26.19	0	TTTTT
80640	600	26.15	0.77	GGGGG
1200	450	26.1	0.52	GGGGG
1140	300	26.05	0	CGGGG
12600	550	26.03	0	TTTTT
12480	600	25.87	0	TTTTT
192480	100	25.86	0	TTTTT
97380	500	25.8	0.97	TTTTT
93060	600	25.77	0	TTTTT
92880	500	25.65	0.38	TTTTT
119340	250	25.51	0	TTTTT
151320	450	25.48	0.82	GGGGG
136260	600	25.44	0.17	TTTTT
12900	500	25.43	0.97	TTTTT
144660	500	25.36	0.91	TTTTT
97200	550	25.27	1.21	TTTTT
35220	600	25.24	0	CCCCC
12300	600	25.23	0	TTTTT
94440	600	25.21	0.14	TTTTT
12120	500	25	0.65	TTTTT
81060	400	25	0	CCCCC
46800	400	24.96	0.78	GGGGG
196680	600	24.74	0	GGGGG
137520	150	24.71	0	TTTTT
197580	150	24.69	0	GGGGG
97920	400	24.64	0.36	TTTTT
80580	600	24.58	0.7	GGGGG
140880	250	24.57	0.8	GGGGG
94380	550	24.52	0.04	TTTTT
148740	600	24.52	0.13	TTTTT
118920	600	24.47	0	TTTTT
35160	550	24.44	0	CCCCC
135060	550	24.31	0	TTTTT
151380	450	24.25	0.73	GGGGG
174060	150	24.16	0	TTTTT
12000	550	24.12	0.07	TTTTT
50280	150	23.88	0	CCCCC
95940	100	23.78	0	TTTTT
93900	600	23.78	0.77	TTTTT
5100	150	23.75	0	TTTTT
117000	150	23.58	0.5	GGGGG
136380	550	23.56	0.98	TTTTT
22860	300	23.53	0	CCCCC
47280	500	23.49	0.35	GCCCC
136320	500	23.49	0	TTTTT
5160	100	23.32	0	TTTTT
192360	400	23.29	0.77	TTTTT
12180	500	23.18	0	TTTTT
136200	550	23.17	0.25	TTTTT
1800	150	23.04	0	CCGCC
1440	500	22.99	0	CGCGC
98040	200	22.93	0	TTTTT
46560	400	22.93	0.7	GGGGG
94320	500	22.93	0.45	TTTTT
185760	100	22.89	0	CTTTT
46620	600	22.88	0.79	GGGGG
97320	600	22.79	1.21	TTTTT
181560	150	22.74	0	CCCCC
62760	200	22.72	0	TTTTT
81180	150	22.71	0	CCCGC
181080	600	22.7	0.63	GGGGG
81120	250	22.7	0	CCCCC
109200	200	22.69	0	TTTTT
152580	400	22.67	0.33	CCCCC
12060	550	22.64	0.1	TTTTT
92820	450	22.64	0.49	TTTTT
135960	500	22.61	0.69	TTTTT
47160	450	22.58	0.34	GCCCC
13080	200	22.56	0	TTTTT
1500	200	22.54	0	GGCCG
97080	200	22.5	0	TTTTT
1320	350	22.46	0.67	GCGGG
12420	550	22.45	0	TTTTT
118560	600	22.43	0.79	TTTTT
152700	200	22.42	0	CCCCC
139860	350	22.41	0.05	TTTTT
84900	100	22.4	0	TTTTT
137460	450	22.38	0	TTTTT
181500	400	22.35	0	CCCCC
15480	350	22.27	0	TTTTT
97980	200	22.26	0	TTTTT
46860	550	22.26	0.77	GGGGG
95700	550	22.24	0.92	TTTTT
46980	600	22.09	0.33	CCCCG
136140	600	22.03	0.84	TTTTT
92760	600	22.02	0.56	TTTTT
93960	400	22	0.51	TTTTT
46500	600	21.96	0.63	GGGGG
174000	300	21.89	0	TTTTT
1380	550	21.88	0.66	GGGGG
152760	150	21.79	0	TCCCT
129540	150	21.74	0	TTTTT
109320	100	21.71	0	TTTTT
95820	200	21.61	0	TTTTT
109260	150	21.5	0	TTTTT
11880	550	21.39	0.22	TTTTT
1620	250	21.34	0.2	CGGGC
15420	350	21.32	1.04	TTTTT
92940	550	21.24	0.06	TTTTT
181440	350	21.19	0.28	GCCCG
127800	550	21.18	0.71	TTTTT
47040	550	21.14	0.33	CCCCC
47100	500	21.12	0.33	CCCCC
73020	100	21.08	0	TTTTT
92700	600	21.08	0.71	TTTTT
144600	600	21.06	0.82	TTTTT
14640	600	21.01	0.7	TTTTT
192420	400	20.97	1.1	TTTTT
192780	100	20.96	0	CCCCC
128160	150	20.95	0	TTTTT
184380	350	20.9	0	TTTTT
5880	100	20.87	0	TTTTT
12360	450	20.86	0	TTTTT
47400	300	20.84	0	CCCCC
139980	200	20.82	0	TTTTT
135000	600	20.74	0.64	TTTTT
90720	200	20.73	0.5	GGGGG
1560	400	20.64	0	CCGCG
135780	550	20.63	1.19	TTTTT
181200	600	20.59	0.49	GCCGC
147420	600	20.48	0.5	TTTTT
96960	550	20.47	0.93	TTTTT
47220	450	20.46	0.33	CCCCC
197640	100	20.33	0	GGGGG
15300	600	20.33	0.88	TTTTT
14820	450	20.23	0.69	TTTTT
119760	100	20.17	0	TTTTT
11940	600	20.14	0.15	TTTTT
47640	250	20.14	0	GGCGG
97140	550	20.14	1.33	TTTTT
151680	100	20.1	0	TTTTT
151440	350	20.08	0.54	GGGGG
140940	200	19.93	0.71	GGGGG
98460	450	19.84	0.89	GGGGG
144900	400	19.82	0.55	TTTTT
92460	450	19.79	0.99	TTTTT
95640	450	19.71	0	TTTTT
7980	150	19.65	0.54	TTTCT
134580	300	19.64	0	TTTTT
97020	450	19.63	0.96	TTTTT
173880	400	19.53	0	TTTTT
119640	250	19.52	0	TTTTT
96900	550	19.51	0.68	TTTTT
188520	100	19.46	0	CTCTT
140820	400	19.44	1.23	GGGGG
177120	100	19.37	0	GTTGG
11820	600	19.34	0.45	TTTTT
62820	100	19.33	0	CCTCT
174120	100	19.28	0	TTTTT
141180	600	19.26	0.89	TTTTT
128040	350	19.17	0	TTTTT
141420	300	19.11	0	TTTTT
99720	350	19.09	0.29	TTTTT
135540	450	19.07	0.34	TTTTT
47520	550	19.06	0.55	GGGGG
80520	600	19.05	0.71	GGGGG
98400	450	19.03	0	GGGGG
134760	100	19.02	0	TTTTT
173040	500	18.98	0.54	TTTTT
98340	550	18.87	0.8	GGGGG
15240	600	18.86	0.92	TTTTT
145080	150	18.84	0	TTTTT
186120	550	18.82	0.56	GGGGT
94080	450	18.8	0.32	TTTTT
186300	400	18.78	0.42	GGGTG
193200	500	18.76	0.77	TTTTT
189000	100	18.74	0	TTTTT
14940	400	18.73	0	TTTTT
94020	450	18.7	0.47	TTTTT
35100	500	18.68	0	CCCCC
141300	450	18.64	0.89	TTTTT
95880	200	18.59	0	TTTTT
15000	550	18.53	1.29	TTTTT
91200	100	18.31	0	CGGGG
15540	300	18.09	0	TTTTT
127740	550	18.02	0.54	TTTTT
119520	350	18.02	0.57	TTTTT
151260	550	17.94	0.82	GGGGG
187140	550	17.9	1.08	TTTTT
192240	350	17.88	0.47	TTTTT
78360	150	17.86	0	GTGTT
172860	600	17.82	0.86	TTTTT
47760	250	17.82	0.67	GGGGG
138180	350	17.82	0	TTTTT
138120	400	17.77	0	TTTTT
172800	300	17.67	0	TTTTT
172980	600	17.63	0.67	TTTTT
99840	200	17.59	0	TTTTT
47340	500	17.59	0	CCCCC
147180	600	17.45	0.98	TTTTT
98520	300	17.39	0	GGGGG
173100	350	17.23	0.39	TTTTT
47700	600	17.19	0.69	GGGGG
181680	100	17.19	0	CCCCC
15060	150	17.18	0	TTTTT
5580	500	17.15	0.58	TTTTT
141360	300	17.05	0	TTTTT
120840	150	17.03	0	TTTTT
5460	550	17.02	0.72	TTTTT
186240	500	17	0.27	GGGGG
102060	200	16.99	0	TTCTT
186360	250	16.94	0	TTTTT
144540	600	16.9	0.96	TTTTT
139920	250	16.86	0.54	TTTTT
119580	300	16.85	0	TTTTT
134940	550	16.81	0.68	TTTTT
98580	350	16.75	0.87	GGGGG
98160	550	16.74	0.78	GTGGT
136020	550	16.73	0.8	TTTTT
136080	500	16.72	0.63	TTTTT
1680	250	16.71	0	CCGCC
113160	150	16.71	0	TTTTT
118620	600	16.7	0.6	TTTTT
7920	150	16.68	0	TTTTT
5640	350	16.67	0.28	TTCTT
185700	300	16.66	0	TTTTT
109980	450	16.64	0.53	TTTTT
192300	450	16.54	0.86	TTTTT
151200	550	16.54	1	GGGGG
92400	500	16.51	1.04	TTTTT
91260	150	16.5	0	CCCCC
134700	200	16.5	0	TTTTT
11640	600	16.47	0.79	TTTTT
173940	300	16.47	0	TTTTT
33660	200	16.46	0	TTTTT
152640	200	16.42	0	CCCCC
181140	500	16.4	0.63	GGGGG
9960	200	16.35	0.81	GTTCC
91140	150	16.32	0	GGGGG
118500	550	16.31	0.59	TTTTT
185460	400	16.3	0.6	TTTTT
14880	350	16.29	0.88	TTTTT
5760	200	16.29	0	TTTCT
112800	500	16.27	0.68	TTTTT
22920	250	16.27	0	CCCCC
185820	100	16.25	0	TTTTT
184320	450	16.24	0.05	TTTTT
185640	350	16.24	1.13	TTTTT
147300	350	16.22	0	TTTTT
177180	100	16.15	0	GGGGG
119700	200	16.14	0	TTTTT
78420	100	16.14	0	TGTGG
186180	550	16.13	0.56	TGGGG
15660	200	16.06	0	TTTTT
14700	550	16.05	0.79	TTTTT
182400	200	16.04	0	TTTTC
98280	600	16.02	0.81	GGGGG
147120	550	15.99	0.15	TTGTT
26580	350	15.98	0	TTTTT
152460	600	15.98	0.33	CCCCC
193440	600	15.93	0.76	TTTTT
67260	100	15.9	0	CCCCC
147360	600	15.88	0.47	TTTTT
115980	500	15.85	1.03	TTTTT
141120	600	15.81	0.89	TTTTT
22800	200	15.8	0	TCCTC
172740	600	15.71	0.9	TTTTT
146640	300	15.7	0	TTTTT
128100	250	15.67	0	TTTTT
173160	450	15.62	0.53	TTTTT
11700	550	15.61	0.1	TTTTT
196620	600	15.56	0	GGGGG
138240	450	15.56	0	TTTTT
98100	300	15.55	0.68	TTTTT
147480	450	15.54	0.04	TTTTT
109140	350	15.53	0.98	TTTTT
26220	600	15.52	0.72	TTTTT
127920	400	15.51	0.94	TTTTT
99960	100	15.45	0	TTTTT
78300	200	15.42	0.33	GGGGG
81240	100	15.41	0	CGCCC
46440	550	15.41	0.64	GGGGG
1740	200	15.41	0	CCCGG
33360	450	15.39	0.15	TTTTT
138060	450	15.37	0	TTTTT
102240	100	15.37	0	TTTTT
77640	450	15.37	0.2	TTTTT
133140	500	15.36	0.65	TTTTT
15600	250	15.32	0	TTTTT
137580	250	15.3	0	TTTTT
141240	500	15.29	1.11	TTTTT
186600	100	15.26	0	GGGGG
153060	100	15.21	0	TTTTT
127680	550	15.19	0.74	TTTTT
171480	150	15.15	0	TTTTT
29220	100	15.15	0	TTTTT
62700	350	15.06	0.78	TTTCT
148440	600	15.06	0.76	TTTTT
172920	550	15.06	0.78	TTTTT
115920	500	15.05	1.19	TTTTT
193380	600	15.04	0.69	TTTTT
77520	600	15.04	0.29	TTTTT
184440	300	15.03	0	TTTTT
187260	550	15.01	0	CTCCT
147240	550	14.97	0.77	TTTTT
37080	150	14.95	0.64	GGGGG
174840	100	14.95	0	TTTTT
140760	400	14.91	1.15	GGGGG
67740	100	14.87	0	TTTTT
127980	350	14.85	0	TTTTT
186000	500	14.84	0.32	GGGGG
172620	550	14.84	0.35	TTTTT
77400	500	14.84	0.06	TTTTT
100740	600	14.84	0.69	TTTTT
53820	400	14.8	0.97	TTTTT
184560	150	14.79	0	TTTTT
169800	150	14.78	0	TTTTT
96000	600	14.73	0.81	TTTTT
77760	300	14.73	0.3	TTTTT
120780	400	14.73	0.69	TTTTT
184080	600	14.72	0.92	TTTTT
188820	350	14.68	0.25	TTTTT
174720	300	14.62	0.66	TTTTT
127860	500	14.62	0.66	TTTTT
5820	150	14.6	0	TTTCT
192720	150	14.56	0	CCCCC
135660	500	14.55	0.96	TTTTT
26400	100	14.5	0	TTTTT
138000	500	14.48	0.89	TTTTT
96060	550	14.48	0.4	TTTTT
98820	450	14.43	0	CCCCC
110100	150	14.42	0	TTTTT
77460	450	14.4	0.1	TTTTT
102000	400	14.39	1.02	TTTTT
173820	500	14.39	0	TTTTT
182580	150	14.38	0	CCCTC
55920	400	14.37	0.76	TTTTT
3840	300	14.35	0.32	TTTTT
33600	600	14.34	0.59	TTTTT
67680	100	14.3	0	TTTTT
141060	600	14.3	1.12	TTTTT
15120	550	14.26	1.08	TTTTT
144120	100	14.23	0	TTTTT
67620	200	14.23	0	TTTTT
173760	450	14.22	0	TTTTT
33420	450	14.19	0.1	TTTTT
142380	550	14.17	0.65	TTTTT
120720	400	14.17	0.4	TTTTT
15360	450	14.16	1.08	TTTTT
63660	350	14.1	0.51	CTCTC
118440	600	14.01	0.8	TTTTT
47460	600	13.98	0.53	GGGGG
101820	500	13.97	1.14	TTTTT
185520	450	13.97	0.69	TTTTT
67080	250	13.95	0	CCCCC
185340	550	13.95	0.62	TTTTT
15180	550	13.95	0.87	TTTTT
184800	150	13.91	0	CCCCC
106200	350	13.9	0.24	GGGGG
101940	350	13.88	1.47	TTTTT
73260	300	13.87	0.37	TTTTT
147720	200	13.86	0	TTTTT
147540	550	13.86	0.49	TTTTT
45120	500	13.83	0.82	TTTTT
59160	300	13.83	0	TTTTT
3780	400	13.81	0.5	TTTTT
24900	350	13.81	1.5	TTTTC
148620	550	13.8	0.42	TTTTT
173640	600	13.78	0.54	TTTTT
187200	600	13.78	0.55	CTTTT
53580	600	13.74	1.27	TTTTT
102120	100	13.71	0	ACCCC
193500	450	13.7	0.78	TTTTT
185400	500	13.7	0.73	TTTTT
25140	200	13.68	0	CCCCC
186060	500	13.67	0.35	GGGGG
151500	350	13.65	0.58	GGGGG
81300	150	13.61	0	CCCCC
46920	450	13.6	0.35	GGGCG
11580	600	13.54	0.85	TTTTT
193320	600	13.53	0.76	TTTTT
99480	550	13.53	0.62	TTTTT
184140	550	13.51	0.34	TTTTT
180720	100	13.47	0	TTGGT
152520	600	13.46	0.28	CTCTC
146580	250	13.39	0.47	TTTTT
101760	400	13.38	0.66	TTTTT
115800	600	13.37	1.42	TTTTT
33540	200	13.37	0	TTTTT
10080	100	13.35	0	TCTTT
174660	300	13.34	0	TTTTT
174780	250	13.33	0	TTTTT
115860	600	13.29	1.27	TTTTT
112860	450	13.28	0.75	TTTTT
112740	150	13.27	0	TTTTT
3960	150	13.26	0	CCCCC
185880	600	13.2	0.35	GGGGG
53640	600	13.19	1.22	TTTTT
54060	500	13.19	0.76	TTTTT
150600	100	13.15	0	TTTTT
182640	100	13.15	0	CCCCC
8460	100	13.13	0	TTCTT
184500	350	13.12	1.18	TTTTT
133020	500	13.11	1.01	TTTTT
128220	100	13.09	0	TTTTT
96120	600	13.03	0.29	TTTTT
109920	500	13.01	0.48	TTTTT
13200	100	13	0	TTTTT
180600	150	12.99	0	TTTTT
53700	350	12.99	0.33	TTTTT
90780	600	12.98	0.67	GGGGG
54120	400	12.98	0.22	TTTTT
151140	600	12.93	1	GGGGG
62880	150	12.93	0	TTTTT
173700	600	12.92	1.28	TTTTT
62640	500	12.92	0	TTTTT
176220	100	12.92	0	TTTTT
141480	150	12.89	0	TTTTT
36840	150	12.89	0	CCCGG
59100	350	12.88	0	TTTTT
45060	200	12.87	0	TTTTT
139800	450	12.87	0.41	TTTTT
24960	250	12.87	0.41	TTCTT
143460	150	12.86	0	GGGGG
14760	600	12.84	0.8	TTTTT
125880	100	12.83	0	CCCCC
54480	600	12.83	0.82	TTTTT
98220	450	12.83	0.35	GGGGG
98880	400	12.81	0	CCCCC
84780	250	12.78	0.85	TTTTT
169860	100	12.77	0	TTTTT
135720	600	12.76	1.27	TTTTT
101700	600	12.74	1.26	TTTTT
99540	500	12.73	0.62	TTTTT
193560	450	12.68	0.93	TTTTT
109560	100	12.68	0	GGGGG
146700	200	12.67	0	TTTTT
181020	550	12.65	0.69	GGGGG
92340	550	12.61	0.89	TTTTT
5520	450	12.61	0.84	TTTTT
90960	350	12.58	0.77	GGGGG
47820	100	12.56	0	GGGGG
103560	250	12.55	0	CCCCC
138300	200	12.54	0	TTTTT
47580	450	12.53	0	GGCGG
185580	350	12.5	0.51	TTTTT
11460	550	12.48	0.79	TTTTT
54420	550	12.46	0.92	TTTTT
193860	100	12.45	0	TTTTT
33480	550	12.45	0.12	TTTTT
120480	500	12.44	0.24	TTTTT
146520	450	12.38	0.59	TTTTT
7500	250	12.37	0.5	GGGGG
67020	600	12.34	0	CCCCC
176820	500	12.34	0.83	TTTTT
16980	350	12.33	0.35	CTCTC
120660	450	12.28	0.76	TTTTT
113040	300	12.28	0.91	TTTTT
134880	600	12.25	0.86	TTTTT
84540	450	12.25	0.91	TTTTT
70680	100	12.21	0	TTTTT
105000	550	12.19	0.71	TTTTT
145140	100	12.19	0	TTTTT
127500	600	12.19	0.58	TTTTT
135600	500	12.19	0.84	TTTTT
7860	500	12.18	0.54	TTTTT
33300	550	12.17	0.6	TTTTT
78000	500	12.16	0.55	GGGGG
100920	300	12.16	0	TTTTT
100860	450	12.14	0	TTTTT
109860	400	12.14	0.13	TTTTT
50040	400	12.14	0	CCCCC
134820	600	12.13	0.81	TTTTT
109800	450	12.13	0.43	TTTTT
70500	100	12.1	0	TGGGT
26460	550	12.06	0.43	TTTTT
91080	200	12.05	0	GGCGG
144480	600	12.04	0.91	TTTTT
148560	550	12.04	0.56	TTTTT
148500	450	12.03	0.73	TTTTT
184200	550	12.03	0.68	TTTTT
142440	500	12.02	0.74	TTTTT
13920	150	12.01	0	TTTTT
110040	400	12	0.57	TTTTT
169080	550	11.98	0	GGGGG
72960	450	11.97	0.71	TTTTT
67560	350	11.97	0	TTTTT
188940	500	11.95	0.45	TTTTT
29040	250	11.92	0.66	TTTTT
139740	450	11.9	0.47	TTTTT
45300	100	11.88	0	GGGGG
171420	250	11.86	0	TTTTT
152880	250	11.86	0.4	TCTCT
99240	350	11.85	0.17	TTTTT
194160	250	11.83	0.37	TTCTC
171540	600	11.82	0.63	TTTTT
92280	600	11.81	0.89	TTTTT
170940	100	11.81	0	TTTTT
108960	550	11.8	1.95	TTTTT
144060	200	11.8	0.42	TTTTT
72600	550	11.79	0.3	TTTTT
59220	200	11.74	0	TTTTT
193800	600	11.73	0.83	TTTTT
73320	100	11.72	0	TTTTT
134640	200	11.71	0	TTTTT
90840	100	11.7	0	GGGGG
103500	250	11.69	0	CCCCC
74040	100	11.67	0	TTTTT
146460	450	11.67	0.69	TTTTT
53880	600	11.67	0.62	TTTTT
120540	600	11.67	0.75	TTTTT
11520	600	11.66	0.84	TTTTT
15720	150	11.64	0	TTTTT
3720	450	11.64	0.66	TTTTT
77700	350	11.6	0.04	TTTTT
53760	600	11.57	0.86	TTTTT
137700	150	11.54	0	TTTTT
185940	550	11.54	0.35	GGGGG
55980	300	11.54	0	TTTTT
4020	100	11.5	0	CCCCC
153000	150	11.5	0	TCTCT
195840	250	11.49	0.49	TTTTT
141000	200	11.47	0	GGGGG
49980	600	11.47	0	CCCCC
191640	150	11.46	0	TTTTT
54660	400	11.45	0.83	TTTTT
172680	500	11.44	0.43	TTTTT
53520	150	11.43	0	CCCCC
112980	350	11.43	0.94	TTTTT
127440	600	11.42	0.67	TTTTT
188880	500	11.4	0.44	TTTTT
29520	300	11.39	0.43	TTTTT
49920	600	11.37	0.35	CCCCC
50100	400	11.33	0	CCCCC
150540	300	11.32	0	TGTTT
193620	350	11.29	0.84	TTTTT
193680	300	11.29	0.71	TTTTT
199400	400	11.28	0	CCCCC
50160	400	11.22	0	CCCCC
142320	150	11.21	0	TTTTT
138360	150	11.19	0	TTTTT
193140	600	11.19	0.91	TTTTT
7440	350	11.18	0.7	GGGGG
7560	200	11.14	0.57	GGGGG
99000	400	11.14	0	CCCCC
194280	100	11.14	0	TTTTC
140700	500	11.14	1.23	GGGGG
84600	400	11.12	0.8	TTTTT
54180	550	11.11	0.5	TTTTT
13860	200	11.11	0	TTTTG
141540	200	11.11	0	TTTTT
91740	200	11.11	0	TTTTT
73380	200	11.11	0	TTTTT
5040	500	11.11	0.89	TTTTT
182460	250	11.1	0	CCCCC
21420	150	11.03	0	TTTTT
33240	600	11.02	0.83	TTTTT
84660	350	11.02	0.73	TTTTT
145620	450	11.01	0.46	TTTTT
99900	150	11	0	TTTTT
16260	250	10.99	0.57	GGGGG
184260	600	10.99	0.67	TTTTT
50220	250	10.99	0.33	GCCCC
9900	400	10.98	0	CCTGG
90660	600	10.98	0.72	GGGGG
129480	550	10.97	0.79	TTTTT
112680	600	10.93	0.86	TTTTT
56040	150	10.93	0	TTTTT
60600	450	10.92	0.55	TTTTT
192180	500	10.92	0.63	TTTTT
184860	100	10.89	0	CCCCC
171780	150	10.88	0	TTTTT
144420	600	10.86	0.99	TTTTT
26160	550	10.86	0.54	TTTTT
103380	500	10.86	0	CCTCC
193260	500	10.82	0.38	TTTTT
108540	150	10.81	0	TTTTT
113220	100	10.8	0	TTTTT
144240	300	10.78	0.5	GTGGT
48840	150	10.76	0	TTTTT
171360	550	10.76	0.82	TTTTT
142260	300	10.74	0.58	TTTTT
98940	350	10.73	0	CCCCC
176760	400	10.72	1.05	TTTTT
54360	300	10.72	0.32	TTATT
67440	500	10.7	0.2	TTTTT
26280	450	10.7	0.16	TTTTT
54300	600	10.68	0.76	TTTTT
98760	500	10.67	0	CCCCC
127620	600	10.66	0.49	TTTTT
1860	150	10.66	0	CCCCC
26340	500	10.63	0.48	TTTTT
31680	250	10.62	0.38	TTTTT
147660	300	10.61	0.65	TCTTT
134520	350	10.58	0.81	TTTTT
99780	300	10.58	0.16	TTTTT
105060	250	10.57	0	TTTTT
161460	250	10.55	0.4	GGGGG
76740	100	10.52	0	TTTTT
182100	500	10.52	1.17	TTTTT
99660	400	10.52	0.58	TTATT
84480	550	10.51	0.93	TTTTT
45000	350	10.5	0.75	TTTTT
156960	200	10.49	0.54	TTTTT
67140	550	10.49	0	CCCAC
194220	200	10.48	0	CTCCT
54840	150	10.48	0	TTTTT
104940	350	10.46	0.25	TTTTT
142740	350	10.41	0	TTTTT
189300	100	10.39	0	TTTTT
189060	100	10.37	0	TTTTT
159780	100	10.37	0	TTTTT
126900	150	10.35	0	CCCCC
84720	300	10.35	0.86	TTTTT
109080	400	10.35	0.4	TTTTT
33780	100	10.33	0	TTTTT
182220	400	10.33	1.25	TTTTT
21240	100	10.31	0	GGGGG
184620	150	10.31	0	TTTTT
45360	350	10.3	0.9	TTTTT
16200	250	10.29	0.47	GGGGG
176700	600	10.28	0.99	TTTTT
73860	300	10.28	0	TTTTT
194100	400	10.26	0.49	TTTTT
147600	600	10.26	0.61	TTTTT
78240	250	10.25	0.35	GGGGG
113100	200	10.25	0	TTTTT
60660	350	10.24	0.48	TTTTT
56100	100	10.24	0	TTTAT
145860	300	10.23	0	TTTTT
56160	100	10.23	0	TTTTT
186420	500	10.21	0.84	TTTTT
8520	150	10.21	0.4	TGTTT
137640	250	10.2	0	TTTTT
21480	150	10.2	0	TTTTT
143400	250	10.19	0	GGGGG
7800	600	10.18	0.83	TTTTT
50340	150	10.17	0	CCCCC
91380	100	10.15	0	GTTTT
133080	450	10.14	0.73	TTTTT
16920	500	10.13	0.17	TTTTT
67200	150	10.12	0	CCCCC
162240	100	10.1	0	GGGGG
54600	600	10.1	1.01	TTTTT
81360	150	10.1	0	GGGGG
152820	100	10.09	0	CCCCC
166680	250	10.09	0	TTTTT
8220	500	10.08	0.57	TTTTT
73200	350	10.05	0.83	TTTTT
28980	350	10.05	0.83	TTTTT
172560	550	10.04	0.62	TTTTT
112920	400	10.03	1.23	TTTTT
173280	350	10.03	0.06	TTTTT
188640	550	10.03	0.47	TTTTT
184740	200	10.01	0	CCCCC
109740	600	10	0.49	TTTTT
67500	350	9.99	0.25	TTTTT
174600	400	9.99	0.59	TTTTT
145740	400	9.98	0.44	TTTTT
48900	100	9.98	0	TTTTT
26520	300	9.97	0	TTTTT
41280	150	9.96	0	CCTTC
63600	150	9.94	0	TTTTT
17880	100	9.93	0	TTTTT
40320	100	9.92	0	GGGGG
192600	450	9.92	0.19	TTCCT
137760	600	9.91	1.34	TTTTT
110640	250	9.89	0	TTTTT
192060	600	9.89	0.67	TTTTT
59340	100	9.89	0	TCTTT
100800	550	9.89	0	TTTTT
75120	150	9.88	0	TTTTT
73980	200	9.87	0	TTTTT
145440	600	9.87	0.38	TTTTT
142500	550	9.85	0.72	TTTTT
72900	250	9.85	0	TTTTT
120420	550	9.85	0.37	TTTTT
103680	200	9.84	0.11	TCTTT
147060	600	9.83	1.42	TTTTT
145680	300	9.83	0.6	TTTTT
33180	550	9.82	1.17	TTTTT
174540	500	9.82	0.66	TTTTT
7260	500	9.82	0.61	GGGGG
126420	400	9.82	0.1	TTTTT
151620	150	9.81	0	TTTTT
173400	250	9.8	0	TTTTT
77820	350	9.8	0.4	TTTTT
109020	500	9.78	1.67	TTTTT
186480	250	9.77	0	GGGGT
145920	250	9.76	0.6	TTTTT
35040	600	9.76	0	CCCCC
37800	100	9.76	0	GGGGG
25680	500	9.75	0	CCCCC
139620	600	9.74	0.71	TTTTT
108480	200	9.72	0	TTTTT
34980	550	9.72	0.47	CTCCC
62460	600	9.71	0.44	TTTTT
10020	150	9.67	0	GTCCT
24720	550	9.65	0.78	TTTTT
120600	550	9.65	0.58	TTTTT
25260	100	9.65	0	CCCCC
152940	200	9.65	0.5	TTTTT
8280	350	9.63	0.6	TGGTT
13980	500	9.6	0.33	TTTTT
62940	150	9.6	0	TTTTT
152340	550	9.59	1.31	TTTTT
148380	600	9.59	0.69	TTTTT
15780	100	9.58	0	TTTTT
187080	600	9.57	0.77	TCTTT
127380	350	9.57	0.71	TTTTT
185100	550	9.56	0	CCCCC
148320	600	9.56	0.85	TTATT
9840	500	9.55	0	CCCCC
55680	550	9.54	0.43	TTTTT
25020	250	9.54	0.33	TTCTT
99600	500	9.53	0.68	TTTTT
31740	150	9.52	0	TTTTT
180660	150	9.52	0	GGTTT
127560	600	9.52	0.59	TTTTT
169020	600	9.52	0.4	TTGGG
90900	450	9.51	0	GCGGG
117120	150	9.5	0.5	GGGGG
72840	600	9.47	0.78	TTTTT
77580	550	9.47	0.6	TTTTT
3900	300	9.47	0.35	TCTCT
112620	550	9.45	0.7	TTTTT
60480	550	9.43	1.09	TTTTT
151560	150	9.43	0	GGGGG
42000	200	9.42	0	GGGTG
126540	100	9.41	0	TTTTT
103440	500	9.4	0.27	TTCTT
54000	250	9.38	0.87	TTTTT
118380	550	9.38	0.9	TTTTT
5220	550	9.37	0.54	TTTTT
90600	600	9.37	0.66	GGGGG
89700	100	9.36	0	GGGGG
62580	500	9.36	0.61	TTTCT
164460	150	9.34	0	TTGTT
170220	150	9.33	0	TTTTT
8100	500	9.32	0.6	TTTTT
194040	450	9.32	0.58	TTTTT
137940	550	9.3	0.83	TTTTT
145800	400	9.29	0.74	TTTTT
17340	600	9.28	0.81	TTTTT
41040	350	9.26	0.27	TTTTT
142800	250	9.24	0	TTTTT
174420	550	9.22	0.74	TTTTT
30360	150	9.22	0	TTTTT
13800	250	9.21	0.19	TTTTT
91800	150	9.2	0	TTTTT
148260	600	9.19	0.52	TTTTT
53940	300	9.19	0.93	TTTTT
48780	200	9.19	0	TTTTT
78180	350	9.17	0.35	GGGGG
77880	250	9.16	0.45	TTATT
180480	200	9.15	0	TTTTT
73740	400	9.13	0	TTTTT
72780	400	9.13	0.47	TTTTT
41160	200	9.12	0	TTGGT
59280	100	9.12	0	TTTTT
101880	350	9.12	1.36	TTTTT
145500	600	9.1	0.75	TTTTT
36900	350	9.09	0.54	GGGGG
22980	100	9.08	0	CCCTT
28920	450	9.08	0.75	TTTTT
99180	400	9.07	0.53	TTTTT
133440	100	9.07	0	GGGTG
91860	100	9.07	0	TTTTT
24660	600	9.06	0.74	TTTTT
137880	600	9.05	0.94	TTTTT
14280	250	9.05	0	TTTTT
185280	600	9.03	0.54	TTCTT
48180	400	9.02	0	CCTCC
68040	200	9.01	0	TTTTT
60300	450	8.99	0.84	TTTTT
45420	200	8.99	0	TTTTT
9780	550	8.99	0.35	CCTCC
77160	100	8.96	0	TGTGT
117660	350	8.94	0.88	TTTTT
112560	550	8.92	0.94	TTTTT
67800	500	8.91	0.4	TTTTT
145020	300	8.9	0.36	TTTTT
153300	600	8.89	0.19	TTTTT
46380	600	8.89	0.64	GGGGG
183600	150	8.89	0	TTTCT
58980	450	8.88	0.8	TTTTT
125760	250	8.88	0	CCTTG
77340	600	8.88	0.13	TTTTT
192000	100	8.87	0	TCCCC
7740	600	8.87	0.98	TTTTT
173220	350	8.87	0.45	TTTTT
13620	500	8.85	0.84	TTTTT
186540	200	8.84	0	GGGGT
188580	100	8.84	0	TTTTT
24360	250	8.82	0.03	TTTTT
173580	600	8.82	0.49	TTTTT
37440	500	8.81	0.43	GGGGG
133380	200	8.81	0	GGGGG
19740	300	8.8	0.47	GGGGG
82560	100	8.79	0	GGGGG
7620	150	8.79	0.5	GGGGG
104340	200	8.78	0	TTTTT
125820	300	8.77	0.86	TTTCC
174180	100	8.76	0	TTTTT
110160	100	8.76	0	TTTTT
176580	550	8.76	1.01	TTTTT
53460	600	8.74	0.52	TTTTT
104280	200	8.73	0.25	TTTTT
61200	200	8.73	0	CTGCT
57060	500	8.72	0	CCCCC
52740	100	8.72	0	CCCCC
47880	400	8.71	0.58	GGGGG
63780	150	8.71	0	CCCTC
73080	500	8.7	0.74	TTTTT
24780	600	8.7	1	TTTTC
156900	150	8.69	0	TTTTT
147000	300	8.68	0.51	GGGGG
71100	100	8.67	0	GGGGT
26100	400	8.67	0.56	TTTTT
5400	600	8.67	0.7	TTTTT
104160	350	8.66	0.62	TTTTT
117060	300	8.66	0.58	GGGGG
14340	150	8.64	0	TTTTT
152400	550	8.64	0	CCCCC
48300	100	8.64	0	CTCTC
63900	100	8.64	0	TTGTT
177000	200	8.63	0.95	TTTTT
13560	600	8.63	0.78	TTTTT
76680	200	8.62	0	TTTTT
104400	100	8.61	0	TTATT
72300	150	8.6	0	TTTTT
193920	550	8.59	0.55	TTTTT
24840	600	8.58	0.72	TTTTT
19020	100	8.57	0	GGGGG
180960	600	8.57	0.69	GGGGG
160500	400	8.57	0.7	TTTTT
134460	550	8.55	1.05	TTTTT
77940	100	8.53	0	TTTTT
137820	600	8.53	0.75	TTTTT
66960	500	8.51	0	CCCAC
6600	450	8.51	0.64	TTTTT
104820	600	8.5	1.77	TTTTT
169140	450	8.5	0	GGGGG
188700	550	8.5	0.66	TTTTT
13260	150	8.5	0.64	TTTTT
176640	550	8.49	1	TTTTT
73620	500	8.49	0.78	TTTTT
133320	250	8.48	0	GGGGG
14400	100	8.48	0	TTTTT
187020	550	8.47	0.93	TTTTT
78060	450	8.47	0.55	GGGGG
24420	600	8.47	0.44	TTTTT
100620	600	8.47	0.76	TTTTT
104880	600	8.46	1.41	TTTTT
147780	450	8.45	0.29	TTTTT
100560	450	8.45	0.47	TTTTT
90480	550	8.45	0.63	GGGGG
50400	150	8.4	0	CCCCC
192660	150	8.38	0	CGCCC
133200	450	8.38	0.5	GTTTT
92220	500	8.38	0.68	TTTTT
193740	600	8.38	0.94	TTTTT
2700	150	8.36	0	TTTTT
156840	200	8.35	0	TTTTT
157320	450	8.35	0.64	TTTTT
73800	350	8.34	0	TTTTT
161580	150	8.32	0.27	GGGGG
194340	100	8.3	0	CTGCT
171120	150	8.29	0	TTTTT
78120	100	8.29	0	GGGGG
10740	450	8.28	0	TTTTT
7680	450	8.26	1.05	TTTTT
125640	450	8.25	0.33	TCCTT
184020	500	8.25	0.83	TTTTT
48720	350	8.25	0.2	TTTTT
148200	500	8.24	0.55	TTTTT
7320	400	8.23	0.53	GGGGG
60360	500	8.19	1	TTTTT
195780	400	8.19	0.56	TTTTT
142680	400	8.18	0.91	TTTTT
110280	150	8.17	0	TTTTT
13680	100	8.17	0	GGGGG
59040	400	8.16	0.72	TTTTT
144360	600	8.15	1.13	TTTTT
21360	200	8.14	0.76	TTTTT
84960	100	8.13	0	CTTTT
142140	600	8.12	0.63	TTTTT
33720	150	8.12	0	TTTTT
69000	150	8.12	0	CTTTT
54540	450	8.11	0.55	TTTCT
29100	200	8.11	0.33	TTTTT
102180	150	8.1	0	GGTTT
144300	600	8.1	0.55	TGTTG
32940	500	8.09	0.5	GGGGG
70620	200	8.09	0	TTTTT
101520	600	8.08	1.21	TTTTT
92160	600	8.08	0.69	TTTTT
146340	550	8.07	0.75	TTTTT
109680	550	8.04	0.46	TTTTT
8040	550	8.04	0.58	TTTTT
26640	300	8.03	0.47	TTATT
2640	150	8.02	0	TTTTT
36960	300	8.02	0.64	GGGGG
117720	200	8.01	0.63	TTTTT
142200	450	8	0.44	TTTTT
195600	450	8	0.58	TTTTT
108600	100	7.98	0	TTTTT
22680	400	7.98	0	CCTTT
44940	500	7.98	1.17	TTTTT
30960	300	7.97	0.41	TTTTT
109380	100	7.97	0	TCTTT
25860	300	7.97	0	CCCCC
103320	450	7.96	0.8	TTTCT
57240	550	7.95	0.35	CCCCC
57180	600	7.95	0.35	CCCCC
169740	200	7.94	0	TTTTT
63540	350	7.93	1.29	TTTTT
129420	500	7.93	0.95	TTTTT
180540	250	7.91	0	TTTTT
182520	150	7.9	0	CTTTT
60540	200	7.89	0.33	TTTTT
101640	600	7.88	1.12	TTTTT
8160	450	7.88	0.4	TGTTT
10620	550	7.86	0	TTTTT
145380	600	7.86	0.41	TTTTT
99300	300	7.86	0.83	TTTTT
26040	600	7.85	0.68	TTTTT
153240	400	7.85	0.71	TTTTT
105120	300	7.85	0	TTTTT
194400	550	7.84	0.44	TTTTT
185160	100	7.83	0	CCCCC
81840	100	7.83	0	TTCTT
199380	450	7.82	0	CCCCC
129600	100	7.82	0	TTCTT
17040	250	7.82	0.84	TTCTC
46320	600	7.82	0.94	GGGAG
110340	550	7.81	0.83	TTTTT
98700	500	7.81	0	CCCCC
45180	550	7.8	0.81	TTTTT
104760	550	7.78	0.42	TTTTT
55860	450	7.78	0.76	TTTTT
70440	150	7.77	0.2	GGTGG
169260	200	7.77	0	GGGGT
24480	600	7.77	0.52	TTTTT
10800	100	7.73	0	TTTTT
16860	600	7.73	0.13	TTTTT
6900	150	7.73	0	TTTTT
47940	100	7.72	0	GGGGG
55740	500	7.72	0.18	TTTTT
73920	250	7.7	0	TTTTT
177060	250	7.7	0.33	GGTGG
41100	300	7.69	0.32	TTTTT
121080	100	7.69	0	TTTTT
145560	500	7.69	0.58	TTTTT
7200	600	7.69	0.61	GGGGG
183660	100	7.69	0	TTTTT
182880	600	7.67	0.63	TTTTT
8400	150	7.66	0	CCTTC
188760	400	7.65	0.51	TTTTT
171720	200	7.65	0	TTTTT
68160	100	7.65	0	CTTTT
170880	400	7.65	0.81	TTTTT
40920	500	7.64	0.24	TTTTT
13740	300	7.64	0.06	TTTTT
120960	450	7.64	0.54	TTATT
192120	600	7.61	0.73	TTTTT
24300	550	7.59	0.22	TTTTT
45240	400	7.59	0.93	TTTTT
25620	600	7.54	0	CCCCC
72720	550	7.53	0.89	TTTTT
173340	350	7.52	0.75	TTTTT
19680	350	7.51	0.5	GGGGG
158640	100	7.51	0	TTTTT
144000	550	7.5	0.93	TTTTT
144180	250	7.49	0.45	GGGTG
84420	600	7.49	1.05	TTTTT
142980	100	7.49	0	TTTTT
11340	550	7.48	0.83	TTTTT
37020	250	7.47	0.64	GGGGG
178200	250	7.47	0.4	TTTCT
21180	200	7.44	0	GGCGG
17820	150	7.43	0	TTTTT
37500	150	7.42	0	GGGGG
60420	350	7.41	0.68	TTTTT
7380	350	7.38	0.33	GGGGG
182160	500	7.38	1.29	TTTTT
178800	200	7.38	0	TTTTT
126720	350	7.38	0.57	GTCTG
64800	100	7.36	0	CCCCC
10680	400	7.35	0	TTTTT
118200	100	7.35	0	GGGGG
81780	100	7.35	0	GCTCC
118260	100	7.35	0	GGGGG
25980	550	7.34	0.78	TTTTT
41880	550	7.34	0.56	ATTTT
112020	150	7.33	0.33	GGGGG
67860	400	7.33	0.65	TTTTT
31440	500	7.31	0.48	TTTTT
10140	100	7.31	0	GGGGG
178020	450	7.31	0.27	TTTTT
153540	100	7.3	0	TTTAT
174900	200	7.29	0.17	TTTTT
121320	150	7.28	0	TTTTT
71820	200	7.27	0.57	GGGGG
45540	100	7.27	0	TTTTT
34020	100	7.27	0	CCCCC
41640	200	7.27	0.29	TTGTT
24600	600	7.27	0.41	TTTTT
90540	400	7.25	0.67	GGGGG
146880	450	7.25	0.62	GGGGA
194820	100	7.25	0	TTTTT
106260	300	7.24	0.41	GGGGG
110820	150	7.23	0	TTTTA
110700	300	7.22	0	TTTTT
24540	600	7.22	0.52	TTTTT
157440	150	7.22	0	CCCCC
99420	600	7.21	0.61	TTTTT
151740	100	7.2	0	TTTTA
31080	200	7.19	0.04	TTTTT
16020	150	7.18	0	TATTT
11400	500	7.17	0.79	TTTTT
48660	500	7.17	1.07	TTTTT
189600	400	7.16	0.81	TTTTT
91020	350	7.16	0	CCCCC
56760	550	7.15	0	CCCCC
148080	600	7.14	0.41	TTTTT
138420	250	7.13	0	TTTTT
40980	550	7.12	0.47	TTTTT
8340	300	7.12	0.33	TTTGT
196560	600	7.1	0	GGGGG
147840	100	7.1	0	TTTTC
22740	350	7.08	0	CCTTT
25560	600	7.08	0	CCCCC
166620	350	7.07	0	TTTTT
54780	250	7.07	0	TTTTT
195900	200	7.07	0.29	TTTTT
100980	400	7.05	0.43	TTTTT
10260	100	7.05	0	TTTCC
123660	500	7.04	0.73	GGGGG
108720	250	7.04	0.57	GGGGG
49860	600	7.03	0.35	CCCCC
146400	550	7.03	0.77	TTTTT
24240	600	7.02	0.48	TTTTT
54720	100	7	0	CCGTC
56280	100	7	0	GGGGG
6780	250	6.99	0	TTTTT
49440	100	6.99	0	CCCCC
99120	500	6.97	0.77	TTTCT
181740	150	6.96	0	CGGGG
4080	100	6.96	0	TTTTT
18780	350	6.96	0.65	GGGGT
150480	550	6.95	0.65	TTTTT
180900	150	6.92	0	CTTTT
108900	550	6.91	0.8	TTTTA
41220	200	6.91	0.4	TTTTT
122100	100	6.91	0	TTTTT
140400	150	6.9	0	TTTTT
18960	200	6.9	0.33	GGGGG
157080	500	6.89	0.35	TCTCT
98640	250	6.88	0	GGCGG
84840	150	6.87	0.5	TTTTT
118320	600	6.87	0.9	TTTTT
133800	300	6.87	0.37	TTTTT
167880	200	6.86	0.2	GGGGG
57360	550	6.86	0.35	CCCCC
107640	100	6.86	0	GGTTG
182040	500	6.86	1.18	TTTTT
174480	550	6.85	0.42	ATTTT
37560	350	6.85	0.14	GGGAG
140640	450	6.84	0.33	TTGGG
109620	600	6.84	0.67	TTTTT
126660	250	6.83	0	GGGGG
16800	600	6.82	0.34	TTTTC
73680	500	6.81	0.13	TTTTA
6840	150	6.8	0.67	TTGTT
105240	250	6.8	0.21	TTTTT
198060	150	6.8	0	GAGGG
9060	100	6.79	0	GGGGG
70260	550	6.76	0.1	TTTTT
164400	250	6.75	0.07	TTTTT
121020	450	6.75	0.67	TTTTT
178260	250	6.74	0	TTTTA
138540	150	6.74	0	ATTTT
155820	150	6.74	0	TTTTT
153360	100	6.73	0	TTTTT
19500	500	6.72	0.52	GGGGG
80460	550	6.72	0.32	AGGGG
99360	250	6.71	0	TTTTT
157140	450	6.71	0	CCCTT
57000	600	6.71	0.32	CCCCC
178140	300	6.7	0.31	TTTTT
148140	600	6.7	0.77	TTATT
69540	200	6.68	0	TTTTT
195960	100	6.68	0	TTTTT
101100	150	6.68	0	TTTTT
123900	100	6.67	0	GGAGG
100680	600	6.67	1.08	TTTTT
169200	450	6.67	0	GGGGG
63480	500	6.65	1.55	TTTTT
194580	300	6.65	0.83	TTTTT
106320	200	6.65	0.2	GGGGG
189660	300	6.64	0.72	TTTTT
22620	550	6.63	0.69	CTTCT
70320	250	6.63	0.6	TGGCT
99060	550	6.62	0.73	TTTTT
91680	300	6.62	0	TTTTT
63420	200	6.62	0	GGGGG
68100	150	6.61	0	CCCTT
162120	300	6.61	0.5	AGGGG
191940	100	6.6	0	CCCCC
129060	100	6.6	0	CCTCT
103620	250	6.6	0.14	TTCTT
89640	100	6.59	0	GGGGG
67380	550	6.58	0.7	CTTTT
167700	150	6.58	0	TTTTT
104700	600	6.57	0.64	TTATT
126780	200	6.57	0	GGGGG
74880	100	6.57	0	TATTT
161100	150	6.57	0	GGGGG
176940	250	6.56	0.82	TTTTT
54900	150	6.56	0	TTTTT
73500	600	6.56	0.86	TTTTT
108840	600	6.55	0.4	TTATT
178680	150	6.55	0	TTTTT
105180	250	6.55	0	TTTTT
139680	500	6.55	1.1	TTTTT
17700	300	6.54	0.27	TTTTT
67320	600	6.53	0	CATCT
51120	200	6.52	0.5	GGGGG
54240	600	6.52	0.88	TTTTT
17760	250	6.51	0.33	TTTTT
10440	500	6.5	0.9	TTTTT
73560	600	6.5	0.98	TTTTT
178320	150	6.5	0	TTTTT
25200	100	6.49	0	TTTTT
29160	500	6.48	1.17	TTTTT
110400	500	6.47	0.73	TTTTT
132960	600	6.45	1.18	TTTTT
6660	350	6.44	0.9	TTTTT
162180	200	6.44	0.33	CGGGG
57600	450	6.44	0.31	CCCCC
126480	550	6.43	0.31	ATTCT
55800	450	6.43	0.18	TTTTT
5940	100	6.43	0	CTCTC
155520	550	6.42	0.59	TTTTT
155760	250	6.42	0	TTTTT
45600	100	6.41	0	TTTTT
31380	550	6.39	0.48	TTTTT
22560	600	6.39	0.7	TTCTT
41340	200	6.39	0.07	TTTTT
26880	200	6.39	0.8	TTTTT
108420	400	6.38	0	TTTTT
14040	450	6.36	0.31	TTTTT
16320	150	6.36	0	GGCGG
142560	500	6.36	0.92	TTTTT
63720	150	6.35	0	CCCCC
120360	250	6.35	0	TTTTT
178080	300	6.33	0.57	TTTTT
150420	400	6.32	0.56	TTGTT
182760	100	6.32	0	GGGGG
22440	600	6.31	0.75	TTTTT
104220	400	6.31	0.85	TTTTT
67980	300	6.31	0	CCTTT
157260	350	6.3	0	CCCCC
10500	600	6.3	1.24	TTTTT
5340	500	6.29	0.53	TTTTT
143880	600	6.28	0.6	GGTGG
48540	400	6.28	0.74	TCTCT
32640	200	6.27	0	TTTTT
17220	500	6.27	0.47	TGTGT
186720	150	6.26	0	TTTTT
58140	450	6.26	0	AAAAA
189120	100	6.26	0	GGGCG
29580	100	6.25	0	TTTTT
17520	450	6.25	0.93	TTTTT
140580	600	6.24	0.62	GGGTG
142860	200	6.23	0	TTTAT
58620	500	6.22	0	AAAAA
68940	200	6.22	0	TTTTT
72540	550	6.22	0.36	TTTTT
14520	600	6.22	1.23	ATTTT
183300	150	6.21	0	CCCCC
22380	100	6.21	0	TTTTT
72120	350	6.2	0	TTTTT
147960	600	6.18	0.37	TTTTT
141840	150	6.15	0	CCCCC
192840	100	6.15	0	CCCTT
125700	600	6.14	0	CCCCC
167820	350	6.14	0.34	GGGGG
20880	100	6.13	0	GGGGG
194520	450	6.13	0.1	TTTTT
133860	250	6.12	0.8	TTTTT
126360	500	6.1	0.6	TTTTT
20700	250	6.1	0.35	GGGGG
41400	500	6.09	0.39	TTTTT
156600	600	6.09	1.21	TTTTT
16380	100	6.09	0	GGGGG
156780	400	6.07	1.12	TTTTT
194700	150	6.06	0	TTTTT
143520	100	6.06	0	GGGGG
14580	550	6.06	0.71	TTTTT
123240	100	6.06	0	GGGGG
62520	500	6.05	0.4	TTTTT
19920	100	6.05	0	TGTGT
167760	300	6.05	0.25	GGGGG
107460	300	6.05	0.98	TTTTT
176160	150	6.05	0.33	TATTT
42240	100	6.05	0	CTCCC
41820	250	6.05	0.38	ATTTT
103260	600	6.04	0.35	TCCTC
183420	150	6.03	0	CCCTC
26760	150	6.03	0	TTTTT
183120	350	6.01	0.57	TTTTT
19620	400	6.01	0.5	GGGGG
171600	500	6.01	0.73	TTTTT
57480	400	6	0.42	CACAC
199320	500	6	0	CCCCC
189840	150	6	0	TTTTT
195540	600	6	0.94	TTTTT
25740	500	5.99	0	CCTCC
74820	150	5.99	0	TTTTT
70740	100	5.98	0	CTTTT
58920	500	5.98	0.96	TTTTT
181800	100	5.95	0	GCCGG
45480	150	5.95	0	ATTTT
39060	150	5.95	0	TTTTT
82260	100	5.94	0	CCCCC
25080	200	5.94	0.47	TCTGT
16740	550	5.93	0.62	TTTTT
48240	150	5.93	0	TCCCC
100320	150	5.93	0	TTTTT
195240	250	5.92	0	TTTTT
189720	250	5.92	0.61	TTTTT
123780	250	5.92	0	GGAGG
184920	450	5.92	0	CCCCC
57540	400	5.91	0.32	CCCCC
150660	100	5.91	0	GTGGT
101580	600	5.89	0.68	TTTTA
53400	300	5.89	0	CCCCC
31020	450	5.88	0.61	TTTTT
33000	200	5.86	0	CGGGG
60240	600	5.86	0.97	TTTTT
27180	200	5.85	0.35	AGGGG
147900	600	5.84	0.33	TTTTT
6720	350	5.84	0	TTTTT
101160	150	5.84	0	TATTT
112080	100	5.83	0	GGGGG
126600	400	5.83	0.4	GGGGG
157020	550	5.83	0.73	TCTCA
56640	500	5.83	0	AAAAA
41700	600	5.82	0.76	TTTTT
17100	400	5.8	0.33	TTGTT
178740	150	5.8	0	TTTTT
155580	450	5.79	0.71	TTTTT
66900	550	5.79	0	CCCTC
63360	200	5.78	0	GGGGG
33120	600	5.78	1.25	TTTTT
183240	250	5.77	0	CTCGG
198120	100	5.77	0	GGAGG
157380	200	5.76	0	CTCCC
13320	100	5.76	0	TTTTT
185220	200	5.76	0	CCCCC
64380	100	5.76	0	TTTTT
169320	300	5.75	0	GGGGG
110760	200	5.74	0	TTTTT
27120	250	5.74	0	GGGGG
55320	100	5.74	0	GGGGG
190860	100	5.73	0	AGGGG
191520	250	5.73	0	TTTTT
170700	500	5.72	1.06	TTTTT
139500	500	5.71	0.33	AAAAA
106440	100	5.71	0	GGGGG
32880	400	5.71	0.35	GGGGG
63240	300	5.7	0	GGAGG
124440	150	5.69	0	TTTTT
32220	100	5.69	0	TGTTT
19800	250	5.69	0.3	TCTTT
26700	400	5.68	0.91	TTTTT
110580	300	5.66	0	TTTTT
160740	150	5.66	0	TTTTT
41460	450	5.65	0.5	TTTTA
56820	600	5.65	0.33	CCACC
29460	250	5.63	0	TTTTA
57660	600	5.62	0.33	CCCCC
156660	600	5.61	0.97	TTTTT
89220	100	5.61	0	GAGGG
10860	300	5.6	0.49	ATTTT
183000	450	5.59	0.57	TTTTT
143220	400	5.59	0	GGGGG
19440	500	5.58	0.53	GGGGG
31560	350	5.58	0.6	TTTTT
150720	100	5.56	0.5	GGTTG
16140	300	5.56	0.47	GGGGG
17400	600	5.55	0.73	TTTTT
52020	200	5.54	0	GGGGG
170160	150	5.53	0	CTCTC
134400	450	5.53	1.22	TTTTT
69360	400	5.51	0	TTTTT
164520	100	5.51	0	TGTTT
171000	600	5.49	0.89	TTTTT
84360	500	5.49	0.75	TTTTT
118140	200	5.49	0.33	GGGGG
106740	300	5.49	0.7	GGGGG
157200	300	5.47	0	CCAAT
58320	450	5.46	0	AAAAA
9000	150	5.46	0	GGCGG
107400	150	5.46	0	TTTTT
107880	150	5.45	0	TTTTT
76320	150	5.44	0	TTTTT
168240	150	5.44	0	TTTTT
58800	400	5.42	0	AAAAA
107280	500	5.42	0.82	TTTTT
132900	550	5.42	1.1	TTTTT
156720	550	5.42	1.15	TTTTT
63180	200	5.42	0	GGGGG
190680	100	5.41	0	CCCCC
128280	100	5.41	0	TTATT
58500	600	5.41	0	AAAAA
139320	350	5.41	0.28	TTTTT
141660	250	5.4	0	CCCCC
169680	250	5.39	0	TTTTT
143820	600	5.39	0.78	GGGGT
170640	550	5.38	1.16	TTTTT
49080	250	5.38	0.45	TTTTT
71040	100	5.36	0	GGGGG
37740	200	5.36	0	GGGGG
14460	600	5.36	0.66	TTTTT
16620	550	5.34	0.35	TCTCT
70560	250	5.34	0	TTTTT
23520	600	5.34	0.78	TTTTT
60960	100	5.33	0	CTTTT
133260	350	5.33	0.71	TTATT
141600	150	5.33	0	TTTTT
17640	450	5.32	0.79	TTTTT
171240	600	5.32	1.44	TTTTT
28860	400	5.32	0.77	TTTTT
161160	100	5.32	0	TCGCT
142620	450	5.32	0	ATTTA
10560	350	5.31	0	TTTTT
18900	250	5.3	0	GGGTG
22500	600	5.3	0.7	TTTCT
171660	400	5.3	0.85	TTTTT
183360	250	5.3	0	CCCCC
56580	550	5.29	0	AAAAA
183180	150	5.29	0	GGTTT
66840	550	5.29	0	CCCCC
11040	150	5.28	0	TTTTT
101220	100	5.28	0	TTTTT
37860	100	5.28	0	GGCGG
143760	600	5.27	0.73	GGGGG
185040	300	5.27	0	CCCCC
103740	150	5.27	0	TTTTT
191880	200	5.27	0	CCCCC
134280	600	5.27	0.9	TTTTT
110220	250	5.26	0.27	TTTTT
22320	300	5.25	0	TTTTT
18360	150	5.25	0	TGGGT
156480	100	5.24	0	CGGCC
62400	600	5.24	0.56	TTCTC
23340	450	5.24	1.18	TTTTT
176520	500	5.24	1.08	TATTT
9720	600	5.24	0	CCCCG
32160	200	5.24	0	TTTTT
125580	500	5.24	1.22	CTTTT
17160	450	5.23	0.62	TTTTT
141720	250	5.23	0	CCCCC
143280	350	5.23	0	GGAGG
138480	200	5.21	0	TTTAT
5280	550	5.2	0.63	TTTTT
124380	200	5.2	0.37	TTTTT
41940	450	5.19	0.33	TCTTC
166740	300	5.19	0	TTTTT
14220	300	5.19	0.29	TCTTT
199140	600	5.18	0	AAAAA
168900	600	5.18	0	AAGGG
169380	200	5.18	0	GGGGG
17280	250	5.18	0	TTTTT
57300	600	5.16	0.35	CCCCC
16680	600	5.15	0.65	TTTTT
14160	400	5.15	0.41	TTTTT
125520	550	5.14	0.71	TTTGT
73140	450	5.14	0.64	ATTTT
140280	200	5.13	0	CCCCC
69420	300	5.13	0	TTTTT
169440	200	5.13	0	AGGGT
157620	150	5.13	0	TTTTT
186780	150	5.13	0	TTTTT
57420	350	5.12	0.33	CCCCC
76380	100	5.12	0	TTTTT
106380	150	5.1	0	GGGGG
24180	450	5.1	0.67	TTTTT
20640	300	5.09	0.35	GGGGG
40860	600	5.09	0.36	TTTTT
29640	100	5.09	0	TTTTT
72180	350	5.08	0	TTTTT
195180	500	5.08	1.32	TTTTT
189780	100	5.08	0	CCTAC
142920	100	5.08	0	TTTTT
126960	100	5.07	0	GCCCC
176460	500	5.07	0.86	TTTTT
180180	150	5.07	0.27	TTTTT
130320	300	5.06	0.37	TTCTC
51240	150	5.06	0	GAGGG
31620	350	5.05	0.73	TTTTT
58020	550	5.05	0	CCCCC
153600	300	5.05	0.07	TTTTT
14100	350	5.05	0.23	TTTTT
177960	500	5.05	0.27	TTTTT
57120	400	5.05	0	CCCCC
138660	350	5.04	0.5	TTTTT
72000	450	5.03	0.73	TTTTT
42180	150	5.02	0	CTCTT
167940	200	5.02	0	GGGAG
108780	200	5.02	0.33	AGGGG
32580	150	5.02	0	TTTTT
139200	300	5.02	0.66	TTTTT
6480	600	5.01	0.59	TTTTT
193020	600	5.01	0.53	CTTCT
152160	100	5	0	GGGGG
82440	200	5	0	GAGGG
20580	250	5	0.57	CGTTG
123840	150	5	0.6	GGGGG
183840	400	4.99	0.61	TTTTT
189540	400	4.99	0.82	TTTTT
168000	100	4.99	0	GGGGG
115740	350	4.99	0	TTTTT
58260	350	4.98	0	AAAAA
9420	100	4.97	0	TTTTT
90420	500	4.96	0.71	GGGGG
138600	350	4.96	0.45	TTTTT
100260	200	4.95	0.39	TTTTT
153120	550	4.94	0.72	TTTTT
27540	100	4.94	0	CCTTT
145200	100	4.94	0	TTTTT
176880	350	4.93	0.88	TTTTT
56400	600	4.92	0	AAAAA
80400	600	4.91	0.9	GGGGG
126840	200	4.91	0	CGGCG
31140	350	4.91	0.33	TTTTT
176400	600	4.91	0.96	TTTTT
179040	550	4.9	0.35	AAAAA
179280	500	4.9	0.33	AAAAA
13500	600	4.89	0.77	TTTTT
157680	100	4.89	0	TTTTT
141780	150	4.89	0	CCCCC
18720	400	4.89	0.58	GGTGG
110460	550	4.87	0.83	TTTTT
170280	450	4.87	0.9	TTTTT
146760	300	4.86	0	TTTTT
73440	150	4.86	0	ATTTT
26820	300	4.85	0.67	TTTTT
25800	350	4.84	0.28	GCCCC
163260	100	4.82	0	GGTGG
32700	150	4.82	0.4	ATTTT
77280	550	4.82	0	TTTTT
160440	450	4.82	0.84	TTTTT
69480	300	4.82	0	TTTTT
168960	550	4.82	0.85	TGGGG
161280	400	4.81	0.4	GGGGG
74340	100	4.81	0	TTTTT
2580	100	4.8	0	GGGGG
132480	100	4.8	0	GGAGG
22260	600	4.8	0.98	TTTTT
179520	100	4.79	0	TTTTT
3660	600	4.79	0.61	TTTTT
4980	300	4.79	1.11	TTTTT
179460	600	4.79	0	AAAAA
143340	300	4.79	0	GGGGG
27300	100	4.78	0	GGGGG
195660	550	4.78	1.01	TTTTT
111960	200	4.78	0.28	GGGGG
108660	350	4.78	0.67	GGAGG
82500	500	4.78	0.28	CCCCC
195360	150	4.77	0	TTTTT
42120	300	4.77	0.6	CTTCT
29280	100	4.75	0	CCCCC
21300	350	4.75	0.76	TTTTT
33960	150	4.75	0	CCCCC
56880	400	4.74	0.35	CAACC
58080	600	4.74	0	CCCCC
82920	200	4.74	0	GGGGG
155640	400	4.73	0.92	TTTTT
170820	450	4.72	1.06	TTTTT
133980	150	4.69	0.64	TTTTT
25500	550	4.69	0.47	CCTGG
48480	550	4.68	0.79	TTTTT
106860	300	4.67	0.17	TTTTT
155700	550	4.67	0.46	TTTTA
63300	300	4.67	0.28	GGGGG
9660	550	4.66	0	CCCCC
10920	200	4.65	0	TTTTT
17580	450	4.64	0.93	TTTTT
180420	600	4.63	0.98	TTTTT
7140	550	4.63	0.53	GGGGG
120300	200	4.62	0	TTTTT
107040	100	4.62	0	TTTAT
184680	600	4.62	0.35	CCCCC
92100	600	4.61	0.68	TTTTT
89160	100	4.61	0	GGGGG
165600	150	4.6	0	CTTTT
4560	600	4.6	0.76	AAAAA
193080	600	4.6	0.99	TCTTT
19560	400	4.6	0.54	GGGGG
31800	100	4.59	0	TCTTT
59880	300	4.59	0.59	TTTTT
68640	500	4.59	0.73	TTTTT
125940	150	4.59	0	CCCCC
55560	600	4.59	0.64	TTTTT
161040	600	4.58	0.5	GGGGG
41760	600	4.58	0.73	TTTGT
100020	100	4.57	0	TTTTT
171900	200	4.57	0	TTTTT
42060	300	4.55	0	TGCCG
120240	350	4.55	0.36	TTTTT
23820	600	4.55	0.41	TTTTT
190920	100	4.54	0	GGGGG
31320	600	4.54	0.63	TTTTT
18840	300	4.54	0.59	TTTGG
101040	300	4.53	0	TTAAT
82680	450	4.53	0.33	CCCCC
64860	100	4.53	0	TTTTT
57960	400	4.52	0.32	CCCCC
90360	600	4.52	0.71	GGGGG
40620	100	4.52	0	TTTTT
58560	550	4.52	0	AAAAA
64740	200	4.51	0.14	CTTTT
21720	600	4.51	0	AAAAA
4920	500	4.5	0.27	AAAAA
22200	300	4.49	0.43	TATAT
106800	100	4.48	0	GGGTT
183060	300	4.48	0.18	TTTTG
89580	200	4.47	0	GGGGG
70380	400	4.47	0.47	TCTGG
140160	100	4.46	0	TATTT
131340	250	4.46	0.13	TTTTT
121140	400	4.45	0.89	TTTTT
29400	350	4.44	0.61	ATTTT
63000	500	4.44	0.5	AAAAA
159960	500	4.44	0.47	AAAAA
63060	300	4.44	0.5	AAAAA
142020	600	4.43	0.46	TTTTA
123720	300	4.43	0.38	GGGGG
179220	350	4.41	0	AAAAA
71400	250	4.41	0	TTCCT
151080	550	4.41	1.17	GGGGG
142080	550	4.4	0.73	TTTTT
167220	250	4.4	0	GGGGG
82980	600	4.4	0.5	AAAAA
30660	600	4.4	0.48	TTTTT
169980	600	4.39	0	CCACC
16080	100	4.38	0	TTTTA
178380	100	4.36	0	TTTTT
162900	450	4.36	0	AAAAA
56460	500	4.35	0	AAAAA
121260	200	4.34	0	TTTTT
159000	100	4.33	0	GGGGG
164280	350	4.32	0.05	TTTTT
58200	350	4.32	0	AAAAA
170100	500	4.32	0	CCCCA
71340	400	4.31	0.5	TTTTT
83040	350	4.31	0	AAAAA
10380	550	4.3	0.94	TTTTT
194640	400	4.3	0.9	TTTTT
186960	600	4.3	0.93	TTTTT
30720	500	4.3	0.5	TTTTT
199080	600	4.3	0	AAAAA
30420	400	4.29	0.61	TTTTA
102540	100	4.28	0	TTTTT
2760	100	4.28	0	TTTTT
27600	100	4.28	0	TTTTT
183480	550	4.28	0	AAAAA
49260	100	4.28	0	TTTTT
75000	200	4.28	0.38	TTTTT
121380	100	4.28	0	TTTTT
148020	350	4.26	0.73	TTTCT
180120	200	4.26	0.67	TTTTT
110520	600	4.26	0.98	TTTTT
62160	300	4.25	0.57	GGGAG
159720	350	4.25	0.91	TTTTT
62340	100	4.25	0	GGGAG
52140	100	4.25	0	GGGGG
70200	400	4.24	0.45	TGCTT
160560	350	4.24	1.03	TTTTT
102300	100	4.23	0	CTCCT
82860	150	4.23	0	CCCGC
55620	600	4.22	0.9	TTTTT
4860	350	4.22	0.27	AAAAA
67920	300	4.22	0.5	ATCTC
25920	300	4.2	0.33	CTCCC
183900	550	4.2	1	TTTTT
115680	550	4.2	0.83	TTTTT
57900	450	4.19	0.29	CCCCC
24060	350	4.19	0.47	TTTTT
82740	450	4.17	0	CCGCC
117840	200	4.17	0.67	GTTTT
169560	400	4.17	1.22	TTTTT
164580	100	4.16	0	CTCGC
166860	200	4.15	0	TTTTT
161640	100	4.15	0	GGGAG
112500	300	4.15	0.28	AAAAA
171840	200	4.14	0	TTTTT
174960	350	4.14	0.44	TTTTT
72480	600	4.14	0.38	TTTTT
58680	500	4.13	0	AAAAA
23760	250	4.13	0.65	TTTTT
152280	600	4.12	1.23	TTTTT
175200	100	4.12	0	TTTTT
30840	400	4.1	0.38	TTTTT
103920	250	4.1	0	GGGGG
48120	100	4.08	0	GGGGG
56520	450	4.07	0	AAAAA
82320	500	4.07	0.33	CCCCC
50760	550	4.07	0.58	AAAAA
106680	300	4.05	0.54	GGGGG
121200	200	4.05	0.69	TTTTT
181980	600	4.05	1.38	ATTTT
37680	250	4.04	0	GGGGG
130020	550	4.04	0.39	TTTTT
130140	150	4.03	0.33	GGGGG
109440	250	4.03	0.35	GCGGG
40800	550	4.03	0.37	TTTTT
166800	250	4.01	0.26	TATTT
83100	400	4.01	0	AAAAA
56700	600	4.01	0	CCCCC
143940	400	4	0.94	TTGTT
112380	450	4	0.28	AAAAA
61140	150	4	0	CTGCT
23280	400	3.98	1.19	TTTTT
15960	150	3.98	0	TTTAT
189420	100	3.98	0	GCCGG
44880	550	3.97	1.17	TTTTT
101460	550	3.97	0	AATTT
130740	100	3.97	0	AAAAA
173520	100	3.96	0	TTTAT
183960	550	3.96	0.69	TTTAT
37200	100	3.95	0	GGGGG
154020	500	3.95	0	AAAAA
74760	450	3.94	0.5	AAAAA
104640	600	3.93	0.47	TTTTT
59820	100	3.93	0	TTTTT
69300	450	3.93	0.78	TTTTT
145320	600	3.93	0.46	TTTTT
196020	350	3.93	0.26	TTTTT
32100	250	3.93	0	TTTTA
199200	550	3.93	0	AAAAA
170520	250	3.92	0.57	TTTTG
54960	250	3.92	0	TTTTT
23940	600	3.92	0.43	TTTTT
19380	450	3.91	0	GGAGG
23460	250	3.91	0	TTTTT
183540	500	3.91	0	AAAAA
27360	300	3.9	0	AAAAA
162360	500	3.9	0	AAAAA
30120	500	3.9	0.25	AAAAA
107520	250	3.9	0	CATGC
49020	250	3.9	0	AAAAA
130200	200	3.89	0.33	TTTCT
75060	200	3.89	0	TTTTA
60720	300	3.89	0.22	TTTTT
156000	250	3.89	0	TATTT
53160	100	3.88	0	TTTTT
167400	100	3.88	0	GGGGG
82200	550	3.88	0	CCCAG
139440	250	3.87	0.29	TTTTT
74280	200	3.86	0.33	TATTC
146940	400	3.86	0.33	CGGGG
58740	400	3.86	0	AAAAA
162720	600	3.86	1.04	AAAAA
72060	350	3.85	0.91	TTTTT
152220	600	3.84	0.4	TCTTT
150360	600	3.84	0.85	TGTGT
162420	450	3.84	0	AAAAA
48600	350	3.84	0.54	TCTTC
24120	600	3.84	0.43	TTTTT
183780	550	3.83	0	AAAAA
43620	150	3.82	0.4	TTTTT
143700	200	3.82	0	GGGGG
23040	100	3.81	0	CTCCC
48060	450	3.81	0	CCCCC
41580	550	3.81	0.76	TTTTT
65040	200	3.81	0	AAAAA
48000	500	3.8	0	CCCCC
133560	100	3.8	0	TTTTA
145260	400	3.79	0.25	TTTTT
170340	250	3.78	0.57	TCTTT
23880	500	3.78	0.43	TTTTT
34920	600	3.78	0	CCCCG
71220	550	3.78	0.44	TTTTT
48360	100	3.78	0	TCCCC
113940	100	3.77	0	TATTT
4500	600	3.77	0.83	AAAAA
134100	600	3.77	0	AAAAA
33840	250	3.77	0.67	TCTTT
3480	550	3.77	0	AAAAA
179160	600	3.77	0.33	AAAAA
44340	600	3.76	0.64	AAAAA
68520	300	3.76	0.84	TTTTT
180240	450	3.76	0	AAAAA
106080	450	3.74	0.24	GGGGG
183720	450	3.73	0	AAAAA
127080	600	3.73	0.5	AAAAA
37620	400	3.73	0.72	GGGGG
169500	450	3.72	1.36	TTTTT
112440	300	3.72	0	AAAAA
63840	200	3.72	0	CCCTT
69060	100	3.72	0	TCTTC
186660	100	3.72	0	CCGGG
23400	250	3.72	0.41	TTTTT
4740	500	3.71	0.61	AAAAA
160620	200	3.71	0	TTTTT
18060	450	3.71	0.42	GGGAG
131880	100	3.71	0	CCACC
8820	100	3.7	0	GGGAC
11220	550	3.69	0	AAAAA
126300	550	3.69	0.5	TTTTT
146820	100	3.69	0	TTTAC
115020	200	3.69	0.81	TTTAT
111420	350	3.69	0.69	TTTTT
179580	600	3.68	0	AAAAA
162540	550	3.68	1.04	AAAAA
31920	500	3.68	0	AAAAA
77100	600	3.67	0.94	TATTT
179640	350	3.66	0	AAAAA
139140	100	3.66	0	AAAAA
128880	350	3.66	0	TCCCT
138840	100	3.65	0	ATAAT
57780	300	3.65	0.33	CCCCC
72240	250	3.65	0	TTTTT
191820	400	3.64	0	AAAAA
77220	450	3.64	0	TTTTT
178920	600	3.64	0.35	AAAAA
19140	350	3.64	0.33	AAAAA
195720	500	3.62	0.63	TTTTT
81720	100	3.62	0	AGGGG
55380	100	3.62	0	GGAGG
6420	550	3.62	0.62	TTTTT
171960	100	3.61	0	TTTTT
39300	100	3.6	0	CCACT
179400	600	3.6	0.33	AAAAA
107340	400	3.58	0.75	TTTGT
193980	450	3.58	0.37	TTATT
58860	300	3.58	0	AAAAA
117780	100	3.58	0	TTTTT
71640	100	3.58	0	TTTTT
178620	350	3.57	0	AAAAA
31500	450	3.57	0.84	TTTTT
139020	300	3.56	0	AAAAA
160680	200	3.56	0.75	TATTT
44520	400	3.56	0.64	AAAAA
196320	300	3.55	0.1	TTTTT
194460	350	3.55	0.3	TTTTT
38820	150	3.55	0	GGGGG
21540	600	3.55	0	AAAAA
7080	600	3.55	0.52	GGGGG
56220	150	3.54	0	GGGGG
19080	300	3.54	0.33	AAAAA
178860	600	3.54	0.35	AAAAA
106620	450	3.53	0.87	TGGGG
31200	350	3.53	0	TTTTT
129360	500	3.53	1.07	TTTTT
10980	200	3.53	0	TATTT
122160	100	3.52	0	TTTTT
34140	250	3.51	0.37	TTTTT
127020	300	3.5	0	AAAAA
121920	350	3.5	0.76	TTTTT
150000	400	3.5	0.41	GGGGG
83160	250	3.48	0	AAAAA
153480	400	3.48	0	ATTTT
159660	400	3.48	0.88	TTTAT
78540	200	3.47	0	TTTTT
133920	100	3.47	0	TTTTT
168300	100	3.46	0	TTATT
21900	400	3.46	0	AAAAA
57720	550	3.46	0.35	CACAC
58440	300	3.45	0	CCCCC
162660	600	3.45	1.04	AAAAA
38040	200	3.45	0	AAAAA
74940	300	3.45	0.35	TTTTT
139380	450	3.45	0.35	AAAAA
34860	600	3.45	0	CCCCC
173460	150	3.44	0.33	ATTTT
28680	250	3.44	0	AAAAA
27000	100	3.44	0	TTTAT
139080	250	3.44	0	AAAAA
18120	400	3.44	0.33	AGGGA
66780	600	3.43	0	CCCCC
3540	350	3.43	0	AAAAA
170760	500	3.42	1	TTTTT
64320	250	3.41	0.5	TTTTT
53040	250	3.41	0.45	TATTT
138960	550	3.4	0	AAAAA
179340	600	3.4	0.33	AAAAA
62280	200	3.4	0.33	AGGAG
129660	500	3.4	0.84	TTTTT
195300	400	3.39	1.09	TTTTT
182700	150	3.38	0	GGAGG
159900	550	3.38	0.47	AAAAA
30780	600	3.38	0.63	TTTTT
21600	550	3.38	0	AAAAA
134040	400	3.38	0	AAAAA
139560	600	3.37	0.81	ATTTT
127140	400	3.37	0.5	AAAAA
87060	150	3.37	0	AAAAA
151980	100	3.36	0	TTTTT
192900	550	3.36	1.34	TTTTT
163200	500	3.36	0	AAAAA
150060	350	3.36	0.5	GGGGG
153660	250	3.35	0.85	TTTTT
121800	550	3.35	1.33	TTTTT
4260	600	3.34	0.33	AAAAA
179100	550	3.34	0.35	AAAAA
117960	250	3.34	0	AAAAA
171300	500	3.34	1.43	TTTTT
76200	250	3.33	0	GGGGG
32040	250	3.33	0.54	TATTT
181920	450	3.33	0.5	AAAAA
29340	400	3.33	0.77	TTTTT
30900	400	3.32	0.41	TTTTT
55140	300	3.32	0.33	GGGGG
195420	250	3.32	0.46	ATTTT
189480	400	3.32	0.67	TCTTT
181860	550	3.31	0.5	AAAAA
128940	200	3.31	0	CCCCC
20520	400	3.31	0.32	GGGGG
56340	400	3.3	0	AAAAA
44460	350	3.29	0.33	AAAAA
30540	400	3.29	0.65	ATTTT
59580	100	3.29	0	GCCCG
70860	350	3.29	0.65	GGGGG
43680	100	3.29	0	TTATT
156180	150	3.28	0	TTTTA
115140	100	3.28	0	TTATT
179820	200	3.28	0	AAAAA
20460	500	3.28	0	AGAGA
30300	450	3.28	0.99	TTTTA
113460	350	3.27	0	AAAAA
175620	250	3.27	0	AAAAA
140460	550	3.27	0.7	TTTTT
156120	150	3.26	0	TTTTT
37980	400	3.26	0.35	AAAAA
63120	500	3.26	0.19	GGGGG
140340	500	3.25	0.2	TTTCT
21660	600	3.25	0	AAAAA
119820	100	3.25	0	TTTTT
19860	100	3.25	0	CTCTT
8640	200	3.25	0.76	TTTTT
21780	500	3.24	0	AAAAA
145980	200	3.24	0	TTGTT
56940	200	3.24	0	ACCCC
8700	100	3.23	0	AAAAA
155880	400	3.23	0.66	TTTTT
57840	300	3.23	0.33	CCCCC
134220	500	3.22	0	AAAAA
74220	200	3.22	0.33	TGCTT
59940	250	3.22	0.12	TTTTT
59760	400	3.22	1.05	TTTTT
160980	400	3.22	0.81	GGGAA
130680	600	3.21	0	AAAAA
162480	350	3.2	0	AAAAA
175680	200	3.2	0	AAAAA
164220	450	3.2	0.18	TTTTT
60120	600	3.19	0.77	TTATT
128820	150	3.19	0	AAAAA
8940	600	3.19	0	AAAAA
30600	600	3.18	0.53	TTTTT
52260	250	3.18	0	AAAAA
160800	150	3.17	0	CACAC
71280	250	3.16	0.49	TTTTT
157500	100	3.15	0	CTTTT
100380	100	3.15	0	ATTTT
44220	600	3.15	0.35	AAAAA
131700	100	3.15	0	GGGGG
195480	600	3.15	0.59	ATTTT
115620	600	3.15	0.9	TTTTT
82800	200	3.15	0	CCCCG
153780	100	3.14	0	GGGAG
31980	600	3.14	0	AAAAA
32760	200	3.13	0	AAAAA
30060	550	3.12	0.25	AAAAA
162780	550	3.12	0.94	AAAAA
149820	600	3.12	0.45	GGGGG
33900	550	3.12	0.59	TTTTT
111900	150	3.11	0	TTTTG
179700	500	3.11	0	AAAAA
82380	600	3.11	0	ACACC
74460	550	3.11	0.58	AAAAA
172260	500	3.11	0.35	AAAAA
70140	600	3.11	0.17	TTTTT
82620	450	3.1	0	CCCAC
164340	550	3.1	0.57	AAAAA
46260	600	3.1	0.57	GGAAG
129120	100	3.09	0	GCCCC
70920	250	3.09	0.5	GGGAG
114960	250	3.09	0.2	TTATT
65280	150	3.09	0	TGGGG
153720	150	3.09	0	TTTTT
58380	600	3.09	0	ACAAA
128700	100	3.08	0	TTTTT
186900	600	3.08	0	AAAAA
84240	500	3.08	0	AAAAG
4800	400	3.07	0.61	AAAAA
117420	150	3.07	0	CCCCC
4620	600	3.07	0.76	AAAAA
163020	300	3.06	0	AAAAA
79140	100	3.06	0	AAAAA
170040	550	3.06	0.33	CCCCC
61620	100	3.06	0	TTTAT
164100	500	3.05	0	AAAAA
160200	150	3.05	0	TTTTT
130080	450	3.05	0.93	CTTTT
150300	550	3.05	0.77	TGTCT
22020	600	3.05	0	AAAAA
4440	450	3.05	0.35	AAAAA
189360	100	3.05	0	GGTGG
179760	400	3.05	0	AAAAA
44580	250	3.04	0.33	AAAAA
150780	250	3.04	0	CCTCC
176100	200	3.03	0	TTTAT
6960	100	3.03	0	TTTTA
190080	100	3.03	0	GTTTC
40560	150	3.03	0	TTTTT
160320	200	3.02	0	AAAAA
75300	550	3.02	0.35	AAAAA
134160	550	3.02	0	AAAAA
26940	200	3.01	0	TTATT
51000	600	3.01	0.4	AAAAA
167160	550	3.01	0.84	AAAAA
121980	300	3.01	0.64	TTTAT
60840	550	3	0.65	TTCAT
49200	400	3	0	CCCCC
70980	200	3	0.33	GGGGC
150840	250	2.99	0	AACCT
126180	450	2.99	0.35	TTTTT
177900	550	2.99	0.49	TTTTA
194760	150	2.99	0.6	ATTTT
197940	200	2.98	0	AAAAA
162960	600	2.98	0	AAAAA
165540	200	2.98	0.35	TCCTT
4680	500	2.97	0.77	AAAAA
19320	600	2.97	0.51	TAAGG
184980	350	2.97	0	CCCCC
69180	550	2.96	0.53	AAAAA
32820	450	2.96	0.28	GAAAA
81420	100	2.95	0	GTGTG
62040	100	2.95	0	TTTTT
102600	250	2.95	0.65	TTTTT
164040	500	2.95	0	AAAAA
141960	150	2.95	0	TTTTT
41520	550	2.95	0.81	TTTTT
90300	600	2.95	0.51	GAGAG
76560	300	2.95	0	AAAAA
28440	500	2.94	0	AAAAA
104100	350	2.94	0.66	TTTAT
71460	150	2.93	0	CCGCC
11160	500	2.93	0	AAAAA
178500	550	2.93	0.33	AAAAA
24000	600	2.93	0.55	TTTTA
113400	450	2.92	0	AAAAA
178980	550	2.92	0.35	AAAAA
192960	550	2.92	0.57	TTTCC
162600	100	2.92	0	ATTTT
143040	550	2.92	0	AAAAA
113640	100	2.92	0	AAAAA
163620	550	2.92	0	AAAAA
122640	100	2.91	0	GGAGG
1920	100	2.91	0	CCCCG
6540	500	2.91	0.91	ATTTT
153420	450	2.91	0.79	TATTT
75180	100	2.91	0	ATTTA
53340	400	2.9	0.39	TTTTT
149880	500	2.9	0.35	GAGGG
2520	400	2.9	1.11	TTTTT
157740	100	2.9	0	TTTTT
151020	600	2.9	1.16	GGGGG
104580	600	2.89	0.36	TTTTT
84300	550	2.89	0.64	ATTTT
124080	150	2.89	0	GGCTG
158160	550	2.88	0.35	AAAAA
23580	600	2.87	0.69	TTTTT
195120	400	2.87	1.17	TTTTT
155460	600	2.87	0.3	ATATT
69240	450	2.86	0.33	AAAAA
126240	600	2.86	0.5	TTTTT
64440	600	2.85	0	AATTT
128460	550	2.85	0.47	AAAAA
105420	500	2.84	0.72	GTTTT
3600	550	2.84	0.67	TATAT
81600	400	2.84	0	AAAAA
44160	150	2.84	0	GATGT
132720	500	2.84	0	AAAAA
191580	200	2.84	0.72	ATTTT
167100	300	2.83	0	AAAAA
117240	150	2.83	0	TTTTT
75360	100	2.82	0	TTTTT
60780	550	2.82	0	AATTT
168780	300	2.82	0	AAAAA
157560	250	2.82	0.55	TTTTT
11280	600	2.82	0.75	TATAT
103080	200	2.81	0	AAAAA
129300	300	2.81	0.5	AAAAA
103140	250	2.81	0	AAAAA
34080	600	2.81	0.6	AAAAA
170460	600	2.8	1.06	TTTAT
42840	600	2.8	0.53	AAAAA
82140	450	2.8	0	CCCCC
122280	100	2.79	0	AAAAA
150240	450	2.79	0	GGCTG
133500	150	2.79	0	TTGTT
129960	300	2.79	0.87	TATGT
191280	500	2.78	0.58	TTTTT
163140	150	2.78	0	AAAAA
175260	350	2.77	0	TTTTA
162840	500	2.77	0.94	AAAAA
68820	300	2.77	0.46	ATTTT
178560	600	2.76	0	AAAAA
130920	150	2.76	0	AAAAA
199260	450	2.76	0	AAAAA
123600	150	2.75	0	AAAAA
39120	500	2.75	0.5	AAAAA
132780	550	2.75	0	AAAAA
60900	150	2.75	0.75	TATTT
8760	200	2.74	0.6	TTATT
168720	350	2.74	0	AAAAA
21840	200	2.73	0	AAAAA
33060	100	2.72	0	CCCCC
19200	200	2.72	0	AAAAA
64140	350	2.72	0	AACTT
108180	100	2.71	0	GCCGG
84000	550	2.7	0.35	AAAAA
127200	450	2.7	0	AAAAA
165660	500	2.7	0	AAAAA
121620	600	2.7	0.66	TTTTT
114240	400	2.7	0	AAAAA
75480	350	2.7	0.33	AAAAA
37920	100	2.69	0	TCTCC
189900	300	2.69	0.51	TTTTT
171180	450	2.68	0.49	TATTT
28800	100	2.68	0	AAAAA
107100	550	2.68	0.33	AAAAA
111480	300	2.68	0.47	TAATT
44280	500	2.68	0.33	AAAAA
196440	150	2.68	0	TATTT
32400	550	2.68	0	AAAAA
108240	100	2.68	0	AAAAA
6300	150	2.67	0.71	TATTT
85020	250	2.67	0	AAAAA
74700	400	2.67	0.57	AAAAA
10200	150	2.67	0	CCCCA
143160	500	2.67	0.68	GGTGC
59520	100	2.67	0	GGCGG
198000	150	2.66	0	AAAAA
166440	600	2.66	0	TTTTT
74640	400	2.66	0.57	AAAAA
28620	300	2.65	0	AAAAA
172320	600	2.65	0.35	AAAAA
146040	200	2.65	0	TATGT
6180	100	2.64	0	AAAAA
28320	550	2.64	0	AAAAA
74580	550	2.64	0.58	AAAAA
65160	250	2.63	0	CTCAG
43560	200	2.63	0.6	TTTAT
174360	400	2.63	0	AAAAA
158100	250	2.63	0.35	AAAAA
89040	300	2.62	0	AAAAA
172200	450	2.62	0.35	AAAAA
139260	550	2.62	0.35	AAAAA
108120	100	2.62	0	AATTT
129900	250	2.61	0.54	TTTTT
121860	100	2.61	0	TGGCA
105720	200	2.61	0	TTTTA
44400	400	2.61	0.33	AAAAA
9600	550	2.61	0.33	CACCC
105900	550	2.6	0	AAAAA
52200	600	2.6	0	AAAAA
149700	150	2.6	0	GGCAG
76980	100	2.6	0	TTTAT
176340	600	2.6	0.88	TTTTT
149340	450	2.59	0.33	GGGAG
18420	200	2.59	0	AAAAA
101280	150	2.59	0	AAAAA
50820	100	2.59	0	AAAAA
179880	100	2.59	0	AAAAA
104520	100	2.58	0	AAAAA
189180	100	2.58	0	AAAAA
65400	550	2.58	0	AAAAA
123420	300	2.58	0.35	AAAAA
48960	250	2.58	0	AAAAA
130380	400	2.57	0.48	CTTGT
182820	200	2.57	0	AAAAA
30180	300	2.57	0.33	AAAAA
9480	100	2.57	0	ATTTT
130860	500	2.57	0	AAAAA
155940	100	2.57	0	TTTTT
196260	150	2.56	0	AAATT
21960	400	2.56	0	AAAAA
7020	450	2.56	0	AAAAA
34260	150	2.56	0.43	TTTTT
6240	500	2.56	0	AAAAA
76920	600	2.56	0.33	AAAAA
167280	200	2.55	0	GTGTG
79560	200	2.55	0	AAAAA
190140	150	2.55	0	GAGGG
175140	100	2.55	0	TTTCC
146280	500	2.54	0.35	AGGGG
175080	300	2.54	0	TTTTT
18480	400	2.53	0	AAAAA
167340	450	2.53	0.6	AAAAA
129000	250	2.53	0	ACCCT
49500	500	2.53	0	AAAAA
153180	450	2.52	0.35	AATTT
191460	300	2.52	0.25	TTTTT
160080	500	2.52	0.57	AAAAA
83220	300	2.51	0	AAAAA
27240	300	2.51	0	AAAAA
197880	300	2.51	0	AAAAA
140520	600	2.5	0.29	GATGG
191220	200	2.5	0.41	TTTAT
23700	300	2.5	0.28	TATTT
91560	350	2.5	0	AAAAA
180300	600	2.5	0	AAAAA
182940	100	2.5	0	AAAAA
79380	150	2.5	0	AAAAA
163080	550	2.5	0	AAAAA
37320	550	2.49	0	AAAAA
9120	150	2.49	0	CCCCA
28500	550	2.49	0	AAAAA
69600	150	2.49	0	TTTTA
42900	550	2.48	0.53	AAAAA
16560	200	2.48	0	AAAAA
20760	150	2.48	0	GAGAG
17460	450	2.47	0.61	ATTTT
127320	250	2.47	0	AAAAA
130440	200	2.47	0.53	CTTTT
62220	200	2.47	0	GGGGG
89820	350	2.46	0	AAAAA
132600	350	2.46	0.58	AAAAA
31860	300	2.46	0	AAAAA
130980	250	2.46	0	AAAAA
76620	450	2.46	0	TTTTT
89880	250	2.46	0	AAAAA
112320	450	2.46	0	AAAAA
82020	400	2.46	0	ACAAC
123960	150	2.46	0	TTATT
114360	150	2.45	0	AGAGA
194880	450	2.45	0.6	AAAAA
18600	600	2.44	0	AAAAG
68700	400	2.44	0.92	TTTTT
50700	600	2.44	0.57	AAAAA
61920	100	2.43	0	AAAAA
161820	450	2.43	0	AAAAA
162060	550	2.43	0	AAAAA
74160	600	2.42	0	AAAAA
52080	450	2.42	0	AAAAA
89520	200	2.42	0	AGGGG
130620	600	2.42	0	AAAAA
159120	600	2.42	0.35	AAAAA
100140	550	2.41	0.96	TTTTT
18180	550	2.41	0	AAAAA
130260	500	2.41	0.87	CTGTG
68880	250	2.4	0.57	TAATT
44640	150	2.4	0	AAAAA
87480	300	2.4	0	AAAAA
149940	400	2.4	0.41	GGGGA
121680	550	2.4	0	AATTT
25320	100	2.4	0	CCCCC
198960	250	2.39	0	AAAAA
34800	400	2.39	0	AAAAA
32520	300	2.39	0	TTTTT
51180	250	2.38	0	AGGGG
64920	600	2.38	0	AAAAA
66600	400	2.38	0	AAAAA
34500	500	2.37	0.71	AAAAA
107160	250	2.37	0	AAAAA
175440	200	2.37	0	TAAAT
76860	100	2.37	0	TATAT
172140	500	2.36	0.41	AAAAA
60060	100	2.36	0	GTTGT
18240	400	2.36	0	AAAAA
159180	300	2.36	0.35	AAAAA
113520	200	2.36	0	AAAAA
70080	500	2.35	0	CAGAG
51960	450	2.35	0	AAAAA
130500	400	2.35	0	AATTG
20040	100	2.35	0	CCCCC
87420	100	2.35	0	TTTTA
190980	100	2.35	0	TAATT
100200	100	2.34	0	AATTT
83940	550	2.34	0.33	AAAAA
46200	100	2.34	0	CAGAC
169620	150	2.34	0	AAAAA
168060	200	2.33	0.41	GGGAG
28260	100	2.33	0	GCAGG
161880	450	2.33	0	AAAAA
112260	100	2.33	0	GGAGG
130560	500	2.33	0	AAAAA
150120	600	2.33	0	GGAGG
113280	500	2.31	0	AAAAA
128760	550	2.31	0	AAAAA
51300	100	2.31	0	CCGGG
164160	450	2.31	0	AAAAA
168840	200	2.31	0	AAAAA
89100	150	2.3	0	AAAAA
163380	400	2.3	0	AAAAA
68760	350	2.3	0.84	TTTTT
191760	550	2.3	0	AAAAA
2280	550	2.3	0.33	AAAAA
175800	550	2.29	0.96	AAAAA
91920	600	2.29	0.41	TTTTT
156540	100	2.29	0	GGGGG
163440	350	2.29	0	AAAAA
172020	100	2.29	0	TTTTT
27900	100	2.29	0	CCCCG
129780	300	2.28	0	TTTTT
9360	500	2.28	0	AAAAA
165720	450	2.27	0	AAAAA
165780	300	2.27	0	AAAAA
89340	500	2.27	0.48	AAAAA
175560	300	2.27	0	AAAAA
123540	200	2.27	0	AAAAA
88860	600	2.27	0.72	AAAAA
77040	200	2.26	0	TGTGT
176040	350	2.26	0.88	AAAAA
28080	350	2.26	0	ACAGA
160020	350	2.26	0.6	AAAAA
39420	200	2.26	0	AAAAA
167580	200	2.26	0	TTTTT
74100	500	2.26	0	AAATA
191340	450	2.26	0.48	TTTTA
59700	500	2.25	0.92	TTTTT
132660	600	2.25	0	AAAAA
112140	250	2.25	0.33	AGGGG
27420	250	2.24	0	AAAAA
103980	550	2.24	1.05	TTTTT
28380	500	2.24	0	AAAAA
103800	250	2.24	0	ACACA
160140	550	2.24	0.87	TAAAA
111360	150	2.24	0	GGGGC
105600	450	2.24	0	AAAAA
105360	150	2.24	0.14	TTTTA
132060	150	2.23	0.47	TTTTT
175740	600	2.23	0.96	AAAAA
154440	100	2.23	0	AAAAA
79200	550	2.23	0.33	AAAAA
66240	100	2.22	0	ATTTT
2400	400	2.22	0.68	TTTTT
134340	450	2.22	0	AAAAT
128580	500	2.22	0.47	AAAAA
63960	100	2.22	0	ACACA
165480	600	2.22	0.35	AAACA
89760	500	2.22	0	AAAAA
34560	600	2.22	0	AAAAA
3420	550	2.21	0	AAAAA
52920	600	2.21	0.88	AAAAA
162300	500	2.21	0	AAAAA
146160	200	2.21	0	AAAAA
194940	400	2.2	0.6	AAAAA
106920	100	2.2	0	AGGAG
165900	350	2.2	0	AAACA
42780	600	2.2	0.53	AAAAA
199020	500	2.2	0	AAAAA
166500	600	2.2	0	AAAAT
198720	450	2.2	0.33	AAAAA
189960	200	2.19	0	TTTTA
85140	150	2.19	0	AAAAA
81480	100	2.19	0	TACGT
89280	150	2.19	0	AAAAA
3060	100	2.18	0	GGGGG
34740	400	2.18	0	CAAAA
69120	450	2.18	0.33	AAAAA
64680	600	2.18	0	AAAAA
69840	200	2.18	0.35	TGAGG
102660	300	2.17	0	AAAAA
4140	550	2.17	0.33	AAAAA
50640	250	2.17	0	AAAAA
133620	450	2.17	0.6	AAAAA
89940	400	2.17	0	AAAAA
132420	550	2.17	0.73	AAAAA
79320	400	2.17	0.33	AAAAA
159840	150	2.17	0.8	TTTTT
18300	450	2.16	0	AAAAA
117180	600	2.16	1.14	AAAAA
159240	600	2.16	0	AAAAA
39480	100	2.16	0	AAAAA
159480	400	2.16	0.29	TAAAA
126120	100	2.15	0	AACAA
91620	550	2.15	0	AAAAA
55020	100	2.15	0	AAAAA
61980	100	2.15	0	TATTT
52680	200	2.15	0	ACACA
154200	350	2.15	0	AAAAA
166200	200	2.15	0	CTTTC
71760	250	2.15	0.47	GGGGG
186840	100	2.15	0	TTTTT
44700	100	2.15	0	AAAAA
4320	550	2.14	0.35	AAAAA
141900	300	2.14	0	AATTT
69660	100	2.14	0	TTATT
75240	600	2.14	0.35	AAAAA
191700	400	2.14	0	ACCAG
118020	150	2.14	0	AAAAA
128520	500	2.13	0.47	AAAAA
174300	500	2.13	0	AAAAA
126000	250	2.13	0	AACAA
105780	550	2.13	0	AAAAA
167640	550	2.12	0.74	GGGGA
16440	550	2.12	0	AAAAA
79260	500	2.12	0.33	AAAAA
59460	350	2.11	0	AAAAA
118080	100	2.11	0	AAAAA
161520	400	2.11	0	AAAAA
4380	200	2.1	0	AAAAA
72420	400	2.1	0	AAAAT
3360	600	2.1	0	AAAAA
158340	400	2.1	0	AAAAA
152040	100	2.1	0	GGGGG
103200	150	2.1	0	AAAAA
81660	400	2.1	0	AAGCA
71580	150	2.1	0.33	TCTTT
61080	100	2.09	0	AAAAA
132540	600	2.09	0.58	AAAAA
42360	100	2.08	0	ATTTT
53220	200	2.08	0	AAAGA
158280	500	2.08	0	AAAAA
177720	600	2.08	0.25	AAAAA
163680	550	2.08	0	AAAAA
18660	200	2.08	0	AAAAA
140220	550	2.07	0	AAAAA
160380	450	2.07	0.82	TAAAA
146220	500	2.06	0	AAAAA
112200	600	2.06	0.28	AAAAA
52500	600	2.06	0.82	AAAAA
83280	150	2.06	0	AAAAA
131040	400	2.05	0	AAAAA
79620	100	2.05	0	AAAAA
53280	600	2.05	0.66	ATTTT
128400	600	2.05	0.5	AAAAA
198660	550	2.05	0.35	AAAAA
72660	600	2.05	0.78	TTGTT
9180	400	2.04	0	AAAAT
42720	500	2.04	0	AAAAA
122220	200	2.04	0	AAAAA
159360	550	2.04	0.7	TTTTT
114840	200	2.04	0	AAAAA
129180	600	2.04	0.5	AAAAA
157800	500	2.03	0.96	AAAAA
79500	200	2.03	0	AAAAA
64020	150	2.03	0	AAAAA
163920	600	2.03	0	AAAAA
114480	250	2.03	0	AAAAA
154260	150	2.02	0	AAAAA
51900	550	2.02	0	AAAAA
4200	250	2.02	0.35	TAATT
85200	200	2.02	0	AAAAA
163980	500	2.01	0	AAAAA
59640	300	2.01	0	AAAAA
37380	550	2.01	0.44	GGGAA
52560	500	2.01	0.88	AAAAA
85080	100	2.01	0	AAAAA
22140	550	2.01	0	AAAAA
66720	600	2.01	0	CCCTT
2460	350	2.01	0.35	TTTTT
124260	250	2.01	0	AAAAA
167460	350	2	0.78	AAAAA
64980	600	1.99	0	AAAAA
21120	300	1.99	0	AAGAA
13380	100	1.99	0	CTCTC
71880	100	1.98	0	GGAGT
123180	150	1.98	0	GGGGT
42480	600	1.98	1.09	AAAAA
61320	100	1.97	0	GTTTC
149760	400	1.97	0.54	TTTTT
2040	600	1.97	0	AAAAA
39180	150	1.97	0	AAAAA
124140	100	1.96	0	GGCCA
22080	500	1.96	0	AAAAA
179940	500	1.96	0	AAAAA
68580	150	1.96	0	TATTT
90240	100	1.95	0	AAAAA
170580	200	1.95	0.56	GGTTA
133680	600	1.95	0.6	AAAAA
113340	400	1.95	0	AAAAA
102780	550	1.94	0	AAAAA
175380	300	1.94	0.54	TTTTT
180000	550	1.94	0	AAAAA
128640	400	1.94	0.5	AAAAA
6000	450	1.93	0.6	TTTTT
149460	600	1.93	0	AGAGA
89400	600	1.93	0.47	AAAAA
34200	450	1.93	0	AAAAA
20820	200	1.93	0	GGGAA
121500	200	1.93	0.44	TTTTT
38100	150	1.93	0	AAAAA
19260	600	1.92	0.6	GAAGA
49380	150	1.92	0	ACCCA
190800	500	1.92	0	AAAAA
88320	100	1.92	0	AAAAA
71160	100	1.92	0	CTTGC
132300	450	1.91	0	AGAAA
34620	350	1.91	0	AAAAA
27480	150	1.91	0	CTTCT
9540	500	1.91	0	AAGAA
76800	450	1.91	1.41	ATTTA
131160	500	1.91	0	AAAAT
198600	600	1.91	0.35	AAAAA
163860	550	1.91	0	AAAAA
79020	600	1.9	0.35	AAAAA
178440	450	1.9	0	AAAAA
79080	600	1.89	0.35	AAAAA
92040	150	1.89	0	AAAAA
165840	250	1.89	0	AAAAA
196200	400	1.88	0.27	ATTTT
114420	100	1.88	0	AGAGA
68460	600	1.88	0.92	TTTTA
123480	250	1.88	0	AAAAA
105300	300	1.87	0.53	TTTTT
18000	550	1.87	0	AAAAA
130800	500	1.87	0	AAAAA
124020	100	1.87	0	TTATA
6060	100	1.87	0	CACAG
61260	150	1.87	0	GGGCC
80100	150	1.87	0	AAAAA
159600	450	1.86	0.81	TTTTT
49320	250	1.86	0	CCACA
44040	200	1.86	0.33	GAGGA
52620	500	1.85	0.88	AAAAA
123300	450	1.85	1.08	AAAAA
23160	500	1.85	0.88	TTTAT
198900	200	1.84	0	AAAAA
168600	600	1.84	0.57	AAAAA
86400	300	1.84	0	AAAAA
172380	600	1.84	0.35	AAAAA
25440	550	1.83	0	GCAGG
125400	150	1.83	0	AAAAA
66300	150	1.83	0	AAAAA
143580	600	1.83	0	AAGAG
55440	600	1.83	0	AAAAA
196500	500	1.83	0	AAAAA
55500	600	1.83	0.85	ATTTT
159540	550	1.82	0.76	TTTTT
52380	500	1.82	0.28	AAAAA
111720	450	1.82	0	AGAGG
78480	250	1.82	0	ATATA
2220	400	1.82	0	AAAAA
124500	100	1.82	0	ATATT
120180	500	1.82	0.9	TTTTT
32280	400	1.82	0	AAAAA
122460	100	1.81	0	GGGGG
165420	600	1.81	0	AAAAA
131760	100	1.81	0	GGGAG
106020	600	1.81	0	AAAAA
131460	150	1.81	0	TATTA
132840	450	1.81	0	AAAAA
27060	550	1.8	0	AAAAA
159060	600	1.8	0.35	AAAAA
190200	200	1.8	0	AAAAA
110880	100	1.8	0	AAAAA
87000	200	1.8	0	AAAAA
149400	450	1.8	0.51	GGGGG
8580	100	1.79	0	GGGGT
149520	600	1.79	0.52	GGGAA
75420	100	1.79	0	ATTTT
158940	550	1.79	0.5	AAAAA
51480	100	1.79	0	AAAAA
100500	500	1.79	0.28	AATTT
9300	450	1.79	0.55	TTTTT
129840	450	1.78	0.84	TTTGT
34380	300	1.78	0	AAAAA
79440	200	1.78	0	AAAAA
166920	350	1.78	0	AAAAA
175500	100	1.78	0	TTAAA
119940	100	1.77	0	AAAAA
113580	250	1.77	0.6	ATATA
114600	500	1.77	0	AAAAA
28560	600	1.76	0	AAAAA
48420	200	1.75	0	AAAAA
79920	350	1.75	0.87	AAAAA
38940	250	1.75	0.71	TATAT
55260	150	1.75	0	AAGGG
158220	500	1.75	0	AAAAA
66180	200	1.75	0	TTTTT
105960	500	1.75	0	AAAAA
163740	500	1.74	0	AAAAA
86820	450	1.74	0.57	AAAAA
84060	500	1.74	0	AAAAA
166980	600	1.73	0.35	AAAAA
146100	400	1.73	0	AAGAA
163320	550	1.73	0	AAAAA
157980	550	1.73	1.22	AAAAA
6120	350	1.73	0.47	TATAT
163500	300	1.72	0	AAAAA
19980	100	1.72	0	GAGAG
159300	250	1.72	0	AAAAT
65220	450	1.72	0	AAAAA
129720	150	1.71	0	TTTTT
175980	300	1.71	0	AAAAT
79980	300	1.71	0.35	AAAAA
150180	200	1.71	0	GGGGG
65820	200	1.7	0	AAAAA
125460	250	1.7	0	AAAAA
52320	600	1.7	0.28	AAAAA
75960	100	1.7	0	AGGAG
132360	550	1.7	0.66	AAAAA
65100	600	1.7	0	AAAAA
16500	350	1.7	0	AAAAT
195000	200	1.69	0	AAAAA
28020	150	1.69	0	AAAAA
34320	450	1.69	0	AAAAA
165360	350	1.69	0	AAACA
27780	350	1.68	0	AAAAC
122760	100	1.68	0	AAACA
158040	600	1.67	1.22	AAAAA
31260	250	1.67	0.71	TTTAT
71520	100	1.67	0	CCCCA
131100	300	1.67	0	AAAAT
125340	100	1.67	0	AGAGT
127260	500	1.67	0	AAAAA
160260	200	1.67	0.5	AAAAA
175860	550	1.66	0.96	AAAAA
75540	500	1.65	0.33	AAAAA
44820	600	1.65	1.14	TTTTT
111300	450	1.65	0.69	TTAAT
42600	300	1.65	0	AAAAA
34440	550	1.65	0.71	AAAAA
65580	100	1.64	0	TATTT
163800	450	1.64	0	AAAAA
39360	200	1.63	0	AAAAA
161400	300	1.63	0	GAAAA
65520	150	1.63	0	TTTTT
133740	550	1.63	0	AAAAA
111240	550	1.62	0.51	TGATT
87720	100	1.62	0	AAAAA
23640	450	1.61	0	ACTTT
105840	600	1.61	0	AAAAA
153840	550	1.61	0	AAAAA
81540	600	1.6	0	AAAAA
157860	500	1.6	1.12	AAAAA
172440	600	1.6	0	AAATA
34680	500	1.6	0	AAAAA
100440	450	1.6	0	AAAAA
83880	600	1.6	0.35	AAAAA
52440	400	1.6	0	AAAAA
64560	300	1.6	0	AAAAA
161760	550	1.59	0	AAAAA
76260	150	1.59	0	ATGTG
30480	300	1.59	0.35	TATTT
177840	500	1.59	0.33	AAAAA
111540	250	1.59	0.59	TTTTT
71700	100	1.59	0	AATTT
117300	100	1.58	0	ATCTC
74520	450	1.58	0	AAAAA
38700	400	1.58	0	AAAAA
167520	250	1.58	0	AAAAA
66660	450	1.58	0	AAAAA
69960	150	1.58	0	ATATA
172500	350	1.57	0.28	AAAAA
197760	400	1.57	0	AAAAA
180360	250	1.57	0	AAAAA
17940	550	1.57	0.57	AGGAA
111840	350	1.57	0	AAAAG
2340	250	1.57	0	AAAAA
2160	450	1.56	0	AAAAA
174240	450	1.56	0	AAAAA
86340	350	1.56	0	AAAAA
23220	150	1.56	0	AAAAA
113700	100	1.55	0	AAAAA
49560	550	1.55	0	AAAAA
89460	400	1.55	0.6	AAAAA
170400	200	1.55	0	CCCCC
153960	550	1.55	0	AAAAA
164820	300	1.54	0	AAAAA
114300	300	1.54	0	AAAAA
9240	300	1.54	0	AATTT
83340	200	1.54	0	AAAAA
61500	100	1.53	0	CAACC
1980	600	1.53	0	AAAAA
107220	400	1.53	0.56	TTTTT
2100	500	1.53	0	AAAAA
45780	100	1.53	0	AAAAA
32460	500	1.52	0	AAAAA
15840	200	1.52	0	AAAAA
196140	100	1.51	0	AATAT
50940	400	1.51	0.5	AAAAA
166380	500	1.51	0.33	AAAAA
151800	400	1.51	0.33	AAAAA
155280	100	1.51	0	AGAGA
43740	150	1.5	0	AAAAA
68280	550	1.5	0	AAAAT
42960	450	1.5	0.33	AAAAA
50580	300	1.5	0	AAAAA
106140	600	1.5	0	AGAAA
87300	500	1.5	0	AAAAA
51840	500	1.5	0	AAAAA
42300	600	1.49	0	AAAAA
79860	450	1.49	0.77	AAAAA
105660	550	1.49	0	AAAAA
154320	100	1.49	0	AAAAA
76500	600	1.49	0	AAAAA
117540	550	1.48	0	AATTA
52800	600	1.48	0.88	AAAAA
115260	100	1.48	0	ATTTT
80340	600	1.48	0	AAAAA
84120	600	1.48	0	AAAAA
152100	200	1.48	0	AGAAG
180060	550	1.48	0	AAAAA
102720	450	1.47	0	AATAA
87540	200	1.47	0	AAAAA
119880	600	1.47	0	AAAAA
197700	450	1.47	0	AAAAA
105480	150	1.46	0	AGAGT
64260	600	1.46	0	AAAAA
198360	100	1.46	0	TTTTT
168660	550	1.45	0	AAAAA
156420	350	1.45	0	GCCAG
154740	150	1.45	0	AAAAA
196380	250	1.45	0	TTTTA
150900	200	1.45	0	CACAT
88740	550	1.45	0	AAAAA
106560	300	1.45	0	AGAGA
55080	150	1.45	0	AAAAA
43140	300	1.45	0	AAAAA
28740	200	1.44	0	AAAAA
64080	250	1.44	0	GCAGG
61020	250	1.44	0	AAAAA
102360	450	1.43	0	AAAAA
52980	600	1.43	0.71	AAAAA
111600	150	1.42	0	AATTT
153900	600	1.42	0	AAAAA
30000	600	1.42	0.25	AAAAA
53100	150	1.42	0	TTTAA
108060	600	1.42	0.7	TTAAA
62100	350	1.42	0.2	GGGAA
180780	350	1.41	0.66	TTTTT
172080	500	1.41	0.41	AAAAA
78780	500	1.41	0	AAAAA
78960	300	1.41	0	AAAAA
114000	150	1.41	0	AAAAA
29940	600	1.41	0.28	AAAAA
88920	250	1.4	0	AAAAA
138720	100	1.4	0	ATTTT
111060	100	1.39	0	ATATT
76440	600	1.39	0	AAAAA
81900	550	1.39	0	AACAA
103020	450	1.38	0	AAAAA
39000	500	1.38	0	AAAAA
190740	500	1.38	0.63	TTTAA
131220	200	1.38	0	AAAAA
15900	150	1.37	0	AAAAA
75660	350	1.37	0	AAAAA
87120	550	1.37	0	AAAAA
161340	150	1.36	0	AAATA
189240	150	1.36	0	TTATT
18540	500	1.36	0	AAAAA
86700	500	1.36	0.63	AAAAA
114120	450	1.36	0	AAAAA
198780	400	1.36	0	AAAAA
75780	100	1.36	0	AAAAA
166260	250	1.35	0	ATATA
107940	150	1.35	0	AATAT
164760	350	1.35	0.58	AAAAA
42660	550	1.35	0	AAAAA
114540	100	1.34	0	AAAAA
42540	550	1.34	0	AAAAA
123360	400	1.34	1.08	AAAAA
161700	600	1.34	0	AAAAA
155400	550	1.33	0.64	TTTTT
138780	200	1.33	0.5	TTCTT
86460	200	1.33	0	AAAAA
175020	600	1.32	0.64	TTATT
61800	250	1.32	0	AAAAA
32340	600	1.32	0	AAAAA
115500	600	1.32	0.51	TTTTT
165060	200	1.31	0	AAAAA
175920	450	1.31	0.96	AAAAA
28140	100	1.31	0	AAAAA
85980	500	1.31	0	AAAAA
106500	150	1.3	0	AAAAA
80040	600	1.3	0.35	AAAAA
156360	550	1.29	0	AAAAA
138900	450	1.29	0	AAAAA
10320	500	1.29	1.23	TTTTT
164880	250	1.29	0	AAAAA
50460	450	1.29	0	AAAAA
91440	200	1.29	0	AAAAA
120000	600	1.29	0	AAAAA
154680	250	1.29	0	AAAAA
121740	100	1.28	0.33	TATTT
76140	600	1.28	0	AAAAA
143100	450	1.28	0	AAAAT
123120	600	1.27	1.07	AAAAA
128340	600	1.27	0.5	AAAAA
124980	100	1.27	0	AATTT
198840	400	1.27	0	AAAAA
88620	550	1.27	0.35	AAAAA
166080	150	1.26	0	CCCCA
166020	250	1.26	0	CACTT
49680	450	1.26	0	AAAAA
66360	550	1.26	0.33	AAAAA
20340	500	1.26	0.62	TTTTT
149640	600	1.25	0.47	GGGGA
51780	600	1.25	0	AAAAA
167040	550	1.25	0.35	AAAAA
161220	600	1.25	0.35	AGAAA
132180	550	1.25	0	GAAGA
113760	100	1.25	0	AAAAA
85380	150	1.24	0	AAAAA
84180	400	1.24	0	CAAAA
30240	450	1.24	0.33	AAAAT
37260	500	1.24	0	AAAAA
85860	350	1.24	0	AAAAA
160860	300	1.23	0	AAAGA
117900	100	1.23	0	TGGTT
79800	450	1.23	0.77	AAAAA
124200	150	1.23	0	AAAAA
86940	450	1.23	0	AAAAA
88980	450	1.23	0.33	AAAAA
38760	600	1.23	0	AAAAA
60000	450	1.22	0	AAATA
120120	450	1.22	0	AAAAA
122400	100	1.22	0	AAGGG
177780	550	1.21	0.33	AAAAA
156300	350	1.21	0	AAAAA
122940	150	1.2	0	AAATT
39840	350	1.2	0	AAAAA
91500	450	1.2	0	AAAAA
151920	150	1.2	0	TAATA
191040	450	1.2	0	AAAAA
88800	450	1.2	0	AAAAA
154140	150	1.2	0	AAAAA
163560	350	1.19	0	AAAAA
82080	450	1.19	0	ACACA
197820	350	1.19	0	AAAAA
75720	550	1.19	0	AAAAA
64620	200	1.19	0	AAAAA
3300	600	1.19	0	AAAAA
66060	550	1.19	0.35	AAAAA
122340	200	1.18	0	AGAGA
8880	550	1.18	0	AAAAA
49620	100	1.18	0	AAAAA
190500	150	1.18	0	CATTA
87600	100	1.18	0	AAAAA
68220	350	1.17	0	AATAA
109500	600	1.17	0.4	AAAAA
59400	400	1.17	0	AAAAA
70800	350	1.17	0	AAGGA
74400	550	1.17	0	AAAAA
29880	600	1.17	0.28	AAAAA
143640	600	1.17	0	AGAAA
64200	150	1.16	0	GACGG
129240	300	1.16	0.5	AAAAA
88500	300	1.16	0.67	AAAAA
86160	500	1.16	0	AAAAA
44100	550	1.15	0	AAAAA
86580	300	1.15	0	AAAAA
106980	550	1.14	0.35	AAAAA
166560	350	1.14	0	AAAAA
80160	100	1.14	0	AAAAA
114900	100	1.14	0	AATAA
107580	200	1.14	0.71	TTCAA
108360	350	1.13	0	AAAAA
72360	150	1.13	0	TAATA
40200	150	1.13	0	AAAAA
150960	550	1.12	0	AAGAA
78900	600	1.12	0	AAAAA
123000	100	1.12	0	AAAAA
159420	500	1.12	0.46	TTAAA
102900	450	1.11	0	AAAAA
122040	250	1.11	0.5	TAATT
122580	550	1.11	0	AAAAA
6360	100	1.11	0	TATTG
43500	400	1.11	0.27	AAAAA
83400	100	1.1	0	AAAAA
177240	100	1.1	0	GCAGG
154620	350	1.1	0.33	AAAAA
68340	100	1.09	0	AGAGA
111180	600	1.09	0.63	TTTTT
175320	250	1.09	0.57	TATAA
79680	600	1.09	0.77	AAAAA
88560	600	1.08	0.35	AAAAA
158880	600	1.08	0.5	AAAAA
71940	100	1.08	0	CAACA
171060	250	1.08	0.81	TATAT
83700	550	1.08	0.33	AAAAA
180840	150	1.08	0	AAAAA
121560	250	1.07	0.74	TTTTT
90060	250	1.07	0	AAAAA
46020	150	1.07	0	GGGAA
91980	550	1.07	0.54	TTTTA
105540	500	1.06	0.33	TAAAA
156060	600	1.06	0	AAAAA
101340	550	1.06	0	AAAAA
115080	400	1.06	0	ATAAA
121440	200	1.05	0	ATATA
39900	450	1.05	0	AAAAA
90000	300	1.05	0	AAAAA
114180	600	1.04	0	AAAAA
75600	300	1.04	0	AAAAA
40020	100	1.03	0	AAAAA
102420	450	1.03	0.4	ATATT
79740	500	1.03	0.77	AAAAA
117600	600	1.03	0	AAAAA
156240	550	1.03	0	AAAAA
158580	250	1.02	0	AAAAA
43080	350	1.02	0	AAAAA
46080	100	1.02	0	AGAGA
157920	450	1.02	1.12	AAAAA
52860	450	1.02	0.88	AAAAA
100080	600	1.01	0.87	AAAAA
154560	300	1.01	0.33	AAAAA
44760	100	1.01	0	AAAAA
64500	250	1.01	0	AATTT
42420	600	1.01	1.09	AAAAA
86760	600	1	0.57	AAAAA
20400	450	1	0	AAATT
60180	150	0.99	0	AAAAA
117360	550	0.99	0	AAAAA
102960	200	0.99	0	ATAAA
155220	250	0.98	0	AAAAA
27840	200	0.98	0	AGGAC
110940	200	0.98	0	AATTA
55200	450	0.97	0	AAAAA
68400	550	0.97	0	AAAAT
149580	550	0.97	0.41	TGAAG
29820	600	0.97	0.25	AAAAA
122700	400	0.97	0	AAAAA
85440	100	0.96	0	AAAAA
111780	400	0.96	0.31	GGGGG
29700	100	0.95	0	ATATA
20280	500	0.95	0	AAAAT
27720	400	0.95	0	AAAAC
85260	250	0.95	0	AAAAA
158460	150	0.95	0	AAAAA
191400	350	0.95	0.61	ATTAA
88020	100	0.94	0	AAAAA
39240	300	0.94	0	AAAAA
117480	400	0.94	0	ATAAA
104040	250	0.94	0	AGAGA
165000	250	0.94	0	AAAAA
28200	450	0.94	0.86	AAAAA
111120	550	0.93	0	AAAAT
198540	100	0.93	0	GAAAA
160920	100	0.93	0	AAAAA
50520	400	0.93	0	AAAAA
196080	100	0.92	0	AAATT
85320	350	0.92	0.88	AAAAA
161940	600	0.92	0	AAAAA
38880	500	0.91	0.7	ATATA
131400	150	0.91	0	ATATT
76080	400	0.91	0	AAAAA
108300	400	0.91	0	AAAAA
69720	300	0.91	0	GAAGT
80280	600	0.9	0	AAAAA
114780	600	0.9	0	AAAAA
61680	400	0.9	0	AAAAA
83760	600	0.9	0.35	AAAAA
111000	500	0.9	0	AAAAT
83460	150	0.9	0	AAAAA
70020	550	0.89	0	AAAAA
51060	300	0.89	0	AAGAG
80220	600	0.89	0.33	AAAAA
66420	500	0.89	0	AAAAA
122820	100	0.88	0	AAGGG
78660	600	0.88	0	AAAAA
176280	400	0.87	0	AAAAA
103860	150	0.87	0	CGGAC
87240	450	0.87	0	AAAAA
90180	550	0.87	0	AAGAA
11100	100	0.86	0	TTTTT
38160	250	0.86	0.33	AAAAA
86880	350	0.85	0.58	AAAAA
124920	300	0.85	0	AAAAA
23100	550	0.85	0	AATTT
85740	300	0.85	0	AAAAA
111660	100	0.85	0	CCTCC
125040	100	0.85	0	AAAAA
195060	100	0.84	0	AAAAA
40740	350	0.84	0.47	ATATA
122880	200	0.83	0	AAATA
151860	100	0.83	0.33	AAAAA
85920	300	0.82	0	AAAAA
102840	550	0.82	0	AAAAA
86520	250	0.81	0	AAAAA
131640	100	0.81	0	AAAAG
104460	450	0.8	0	AAAAA
87960	300	0.8	0	AAAAA
75900	450	0.8	0	AAAAA
102480	300	0.8	0	TTTTA
39540	100	0.79	0	AAAAA
191160	200	0.79	0	ATATA
65340	200	0.79	0	GGAAG
49140	600	0.78	0	AAAAA
198180	150	0.78	0	CAAGA
155160	350	0.78	0	AAAAA
61860	100	0.78	0	AAAAA
65460	450	0.77	0	AAAAA
27960	300	0.77	0	AAAAA
125220	450	0.75	0	AAAAA
21000	600	0.75	1.09	TTAAA
164940	400	0.75	0	AAAAA
168540	600	0.74	0.81	AAAAA
190380	100	0.74	0	CAACA
132000	500	0.73	0.33	AAAAA
115200	250	0.73	0	AAAAA
114060	500	0.73	0	AAAAA
114660	300	0.73	0	AAAAA
88680	600	0.73	0.33	AAAAA
65760	150	0.73	0	AAAAA
50880	500	0.72	0.57	AAAAA
125280	500	0.72	0	AAAAA
86280	450	0.71	0	AAAAA
78840	600	0.71	0	AAAAA
40080	250	0.7	0	AAAAA
154080	350	0.7	0	AAAAA
101400	150	0.7	0	AAAAA
86640	550	0.7	0.63	AAAAA
190320	100	0.7	0	AAAAA
166320	100	0.69	0	TGATT
131280	200	0.69	0	AAAAA
65640	350	0.69	0	AAAAA
158400	250	0.69	0	AAAAA
39780	600	0.68	0	AAAAA
13440	600	0.68	0.78	TTTTA
154860	500	0.68	0	AAAAA
86100	600	0.67	0	AAAAA
166140	350	0.67	0	AAAAT
49800	250	0.67	0	AAAAA
154380	550	0.66	0.53	AAAAA
20220	200	0.66	0	AAAAA
75840	450	0.66	0	AAAAA
88080	150	0.66	0	AAAAA
177660	600	0.65	0.25	AAAAA
39660	100	0.64	0	AAAAA
20100	300	0.64	0	AACAA
87180	550	0.64	0	AAAAA
198300	100	0.63	0	CTCTC
69780	150	0.63	0.33	GATGT
108000	350	0.62	0	AAAAA
87840	450	0.62	0.82	AAAAA
190560	250	0.61	0	CCATA
107700	500	0.61	0	AAAAA
86040	200	0.61	0	AAAAA
43320	600	0.59	0.27	AAAAA
132240	250	0.59	0	AAAGA
131580	200	0.58	0	GAAAA
43440	450	0.57	0	AAAAA
61740	600	0.57	0	AAAAA
87660	150	0.57	0	AAAAA
87360	450	0.56	0	AAAAA
49740	300	0.56	0	AAAAA
40140	250	0.56	0	AAAAA
123060	300	0.56	0	GAAGA
3240	600	0.55	0	AAAAA
43020	350	0.55	0.2	AAAAA
165960	350	0.55	0.2	ATATA
155340	100	0.55	0	ATAGA
132120	500	0.55	0	AGAAA
168180	350	0.54	0	AATAA
154800	550	0.54	0	AAAAA
85620	600	0.53	0.33	AAAAA
86220	550	0.53	0	AAAAA
66540	450	0.53	0	AAAAA
3180	100	0.53	0	AAAAA
61440	150	0.52	0	AGCGC
45900	100	0.52	0	AATAA
124800	100	0.52	0	ATATT
40260	100	0.51	0	AGAAA
85800	150	0.51	0	AAAAA
38640	600	0.51	0.35	AAAAA
155040	150	0.51	0	AAAAA
66480	500	0.51	0	AAAAT
21060	500	0.51	0	CCAAT
124320	300	0.5	0	AAAAT
39960	450	0.5	0	AAAAA
83580	600	0.49	0.28	AAAAA
198240	200	0.49	0	CACCC
107760	100	0.49	0	AAAAA
164700	450	0.49	0.58	AAAAA
190260	150	0.49	0	AAAAA
177420	300	0.48	0	AAAAA
66120	400	0.48	0	AAAAT
25380	400	0.48	0	AAAAA
43380	600	0.47	0.61	AAAAA
85680	550	0.47	0	AAAAA
124680	300	0.46	0.64	AAAAA
155100	250	0.46	0	AAAAA
124860	350	0.45	0	AAAAA
165300	600	0.45	0	AAAAA
83640	600	0.45	0.33	AAAAA
83820	600	0.44	0.35	AAAAA
40680	100	0.44	0	AAAAA
124620	500	0.44	0.77	AAAAA
78600	500	0.43	0	AAAAA
115560	500	0.43	0	AAAAT
177600	450	0.43	0.25	AAAAA
51420	150	0.43	0	AAAAA
191100	500	0.42	0	AAAAA
65700	300	0.42	0	AAAAA
66000	550	0.42	0	AAAAA
45720	250	0.42	0.57	AAAAA
61560	150	0.41	0	AATTT
40500	200	0.41	0	TATTT
125100	550	0.41	0	AAAAA
87900	350	0.41	0.35	AAAAA
43260	100	0.41	0	AAAAA
114720	550	0.39	0	AAAAA
126060	550	0.39	0.88	AAAAA
131520	250	0.38	0	AAAAA
158700	200	0.38	0	AAAAA
154920	600	0.37	0	AAAAA
124740	400	0.37	0.81	AAAAA
76020	400	0.37	0	AAAAA
122520	550	0.36	0	AAAAA
88200	100	0.35	0	AAAAA
165180	600	0.35	0	AAAAA
65940	600	0.34	0	AAAAA
40380	100	0.34	0	ACACC
38580	600	0.34	0	AAAAA
190620	100	0.33	0	CAAAA
81960	550	0.32	0	AAAAC
115320	100	0.32	0	AAATA
51360	150	0.32	0	AAAAA
85500	600	0.31	0.88	AAAAA
39720	500	0.3	0	AAAAA
168120	150	0.3	0	GAGAA
158520	300	0.3	0	AAAAA
65880	600	0.29	0	AAAAA
38520	350	0.28	0	AAAAA
107820	550	0.26	0	AAAAA
162000	300	0.24	0	AAAAA
154500	400	0.22	0.33	AAAAA
120060	400	0.21	0	AAAAA
154980	500	0.21	0	AAAAA
43980	600	0.21	0.33	AAAAA
88380	450	0.21	0.67	AAAAA
125160	550	0.18	0	AAAAA
88140	150	0.18	0	AAAAA
165240	600	0.15	0	AAAAA
124560	150	0.14	0	ATAAA
78720	600	0.14	0	AAAAA
27660	600	0.13	0	AAAAA
88440	550	0.13	0.67	AAAAA
190020	300	0.13	0	AAAAA
177360	250	0.13	0	AAAAA
38400	150	0.13	0	AAAAA
131940	600	0.12	0	AAAAT
38280	100	0.12	0	AAAAA
113880	150	0.11	0	TATAT
177540	600	0.1	0.25	AAAAA
45960	500	0.1	0.53	AGACA
90120	500	0.09	0.57	AAAAA
43920	450	0.09	0.41	AAAAA
177480	300	0.09	0.33	AAAAA
43860	550	0.09	0.47	AAAAA
46140	500	0.08	0	AAAAG
20940	400	0.07	0	AAAAA
177300	200	0.07	0.33	ATATA
39600	450	0.06	0.58	AAAAA
2880	100	0.05	0	AAAAA
113820	350	0.03	0	AAAAA
83520	150	0.02	0	AAAAA
165120	100	0.02	0	AAGAA
69900	100	0.01	0	AGAGA
169920	100	-0.13	0	AAAAA
38460	100	-0.18	0	AAAAA
20160	100	-0.23	0	AAAGT
45840	100	-0.24	0	AAAAA
87780	100	-0.3	0	TAAAA
51720	100	-0.33	0	AGAAG
158760	100	-0.33	0	AAATA
115380	100	-0.37	0	AAAAA
2940	100	-0.44	0	AAAAA
198480	100	-0.48	0	AAAAA
38220	100	-0.49	0	AAAAA
40440	100	-0.51	0	AAAAA
158820	100	-0.57	0	AATAA
168360	100	-0.62	0	AATAA
168420	100	-0.84	0	AAAAA
85560	100	-0.87	0	AAAAA
43200	100	-0.88	0	AAAAA
131820	100	-0.95	0	AAAAA
43800	100	-0.99	0	AAATA
51660	100	-1.13	0	AAAAA
2820	100	-1.23	0	AAAAA
61380	100	-1.31	0	CCGAT
190440	100	-1.34	0	AAACA
88260	100	-1.43	0	AAAAA
38340	100	-1.47	0	AAAAA
198420	100	-1.47	0	ATAAT
51540	100	-1.48	0	ATAAA
29760	100	-1.56	0	ATATA
168480	100	-1.67	0	AAAAA
115440	100	-1.77	0	AGAGG
3120	100	-1.86	0	ACTAG
164640	100	-2.59	0	AAATA
3000	100	-2.83	0	ACTAA
45660	100	-3.04	0	AACGA
51600	100	-4.03	0	AAAAA
